             precision    recall  f1-score   support

          0       0.53      0.36      0.43        28
          1       0.00      0.00      0.00        33
          2       1.00      0.46      0.63        26
          3       0.00      0.00      0.00        36
          4       1.00      0.85      0.92        39
          5       1.00      0.88      0.94        34
          6       1.00      0.03      0.05        38
          7       0.00      0.00      0.00        37
          8       0.00      0.00      0.00        34
          9       0.64      0.20      0.30        35
         10       0.00      0.00      0.00        37
         11       0.32      0.71      0.44        34
         12       1.00      0.02      0.05        41
         13       0.00      0.00      0.00        45
         14       0.40      0.98      0.57        41
         15       1.00      0.78      0.88        36
         16       0.71      0.82      0.76        33
         17       0.00      0.00      0.00        32
         18       0.00      0.00      0.00        36
         19       0.00      0.00      0.00        27
         20       0.00      0.00      0.00        41
         21       0.01      0.05      0.01        22
         22       1.00      0.95      0.97        40
         23       0.00      0.00      0.00        40
         24       1.00      0.95      0.98        44
         25       0.00      0.00      0.00        34
         26       1.00      0.97      0.99        35
         27       1.00      0.91      0.95        34
         28       1.00      1.00      1.00        39
         29       0.00      0.00      0.00        35
         30       1.00      0.94      0.97        36
         31       0.97      0.80      0.88        40
         32       0.00      0.00      0.00        48
         33       1.00      0.91      0.95        33
         34       1.00      0.80      0.89        35
         35       0.47      0.98      0.63        41
         36       0.00      0.00      0.00        31
         37       0.95      0.83      0.88        23
         38       0.54      0.81      0.65        37
         39       1.00      0.98      0.99        42
         40       0.00      0.00      0.00        35
         41       1.00      0.81      0.89        42
         42       1.00      0.90      0.95        31
         43       0.00      0.00      0.00        33
         44       0.95      0.64      0.77        28
         45       1.00      0.95      0.97        38
         46       1.00      1.00      1.00        36
         47       1.00      0.92      0.96        38
         48       0.00      0.00      0.00        41
         49       0.00      0.00      0.00        32
         50       1.00      0.89      0.94        36
         51       0.00      0.00      0.00        29
         52       1.00      0.97      0.98        32
         53       1.00      0.33      0.50        36
         54       1.00      0.81      0.90        37
         55       1.00      0.94      0.97        31
         56       1.00      0.97      0.99        37
         57       1.00      0.92      0.96        39
         58       0.00      0.00      0.00        31
         59       1.00      0.05      0.10        40
         60       0.00      0.00      0.00        39
         61       0.00      0.00      0.00        30
         62       1.00      0.05      0.09        41
         63       0.00      0.00      0.00        39
         64       0.00      0.00      0.00        37
         65       0.00      0.00      0.00        38
         66       1.00      0.59      0.74        41
         67       0.00      0.00      0.00        39
         68       1.00      1.00      1.00        43
         69       0.96      0.76      0.85        33
         70       1.00      0.94      0.97        36
         71       0.00      0.00      0.00        32
         72       1.00      0.91      0.95        33
         73       1.00      0.82      0.90        39
         74       1.00      0.77      0.87        39
         75       1.00      0.93      0.96        27
         76       1.00      0.97      0.99        35
         77       0.96      1.00      0.98        26
         78       1.00      0.97      0.99        34
         79       1.00      0.90      0.95        39
         80       0.43      0.97      0.60        38
         81       1.00      0.90      0.95        31
         82       0.00      0.00      0.00        33
         83       0.89      0.86      0.88        29
         84       0.88      0.83      0.86        36
         85       1.00      0.95      0.97        41
         86       0.31      0.87      0.46        31
         87       1.00      0.94      0.97        31
         88       0.82      0.91      0.86        34
         89       0.00      0.00      0.00        42
         90       0.00      0.00      0.00        37
         91       0.00      0.00      0.00        39
         92       0.97      0.90      0.93        39
         93       1.00      0.81      0.89        47
         94       1.00      0.67      0.80        39
         95       1.00      0.96      0.98        27
         96       0.00      0.00      0.00        28
         97       1.00      0.21      0.34        34
         98       0.00      0.00      0.00        31
         99       0.00      0.00      0.00        33
        100       1.00      0.82      0.90        40
        101       1.00      0.76      0.87        38
        102       1.00      0.03      0.06        31
        103       1.00      1.00      1.00        28
        104       1.00      0.84      0.91        31
        105       1.00      0.82      0.90        39
        106       1.00      0.80      0.89        35
        107       1.00      0.93      0.96        40
        108       0.00      0.00      0.00        35
        109       0.78      0.89      0.83        35
        110       0.79      0.93      0.85        28
        111       1.00      0.87      0.93        30
        112       0.00      0.00      0.00        35
        113       0.00      0.00      0.00        34
        114       1.00      0.81      0.89        31
        115       1.00      0.86      0.93        36
        116       1.00      0.94      0.97        35
        117       0.00      0.00      0.00        35
        118       1.00      0.94      0.97        31
        119       1.00      0.86      0.93        36
        120       1.00      0.08      0.14        39
        121       0.00      0.00      0.00        31
        122       1.00      1.00      1.00        22
        123       0.97      0.93      0.95        30
        124       1.00      0.03      0.06        34
        125       0.89      0.89      0.89        37
        126       1.00      1.00      1.00        35
        127       1.00      0.97      0.99        36
        128       1.00      0.92      0.96        38
        129       1.00      0.93      0.96        27
        130       1.00      0.93      0.96        41
        131       0.28      0.85      0.43        34
        132       1.00      0.94      0.97        35
        133       0.00      0.00      0.00        37
        134       0.95      0.98      0.96        41
        135       1.00      0.94      0.97        31
        136       0.19      0.76      0.30        33
        137       0.91      0.97      0.94        32
        138       0.00      0.00      0.00        34
        139       0.32      0.21      0.25        34
        140       0.75      0.09      0.16        33
        141       0.50      0.07      0.13        41
        142       1.00      0.90      0.95        30
        143       1.00      0.90      0.95        40
        144       1.00      0.92      0.96        36
        145       1.00      0.88      0.93        40
        146       0.97      0.81      0.88        42
        147       1.00      0.84      0.91        37
        148       0.00      0.00      0.00        39
        149       1.00      0.91      0.95        43
        150       0.00      0.00      0.00        30
        151       1.00      0.97      0.98        32
        152       0.97      0.94      0.95        31
        153       1.00      0.77      0.87        35
        154       0.96      1.00      0.98        25
        155       0.00      0.00      0.00        31
        156       0.97      0.97      0.97        36
        157       1.00      0.02      0.05        43
        158       1.00      0.71      0.83        31
        159       1.00      0.76      0.86        25
        160       0.00      0.00      0.00        34
        161       0.00      0.00      0.00        35
        162       0.00      0.00      0.00        36
        163       1.00      0.66      0.79        47
        164       1.00      0.97      0.99        34
        165       0.94      0.83      0.88        36
        166       1.00      0.86      0.92        35
        167       0.00      0.00      0.00        32
        168       1.00      0.70      0.82        33
        169       0.00      0.00      0.00        39
        170       0.69      0.90      0.78        42
        171       0.00      0.00      0.00        34
        172       0.82      0.89      0.85        36
        173       0.75      0.09      0.15        35
        174       1.00      0.71      0.83        38
        175       1.00      0.08      0.15        38
        176       1.00      0.85      0.92        33
        177       1.00      0.24      0.38        38
        178       0.93      1.00      0.96        38
        179       0.00      0.00      0.00        33
        180       1.00      1.00      1.00        31
        181       0.60      0.26      0.37        34
        182       0.96      0.71      0.82        35
        183       1.00      0.88      0.94        25
        184       0.00      0.00      0.00        39
        185       1.00      0.92      0.96        38
        186       1.00      0.92      0.96        38
        187       1.00      0.92      0.96        36
        188       1.00      0.96      0.98        50
        189       1.00      0.87      0.93        30
        190       0.00      0.00      0.00        28
        191       0.96      0.75      0.84        32
        192       0.00      0.00      0.00        37
        193       0.97      0.91      0.94        35
        194       1.00      0.03      0.06        32
        195       0.74      0.82      0.78        39
        196       1.00      0.09      0.16        34
        197       0.00      0.00      0.00        46
        198       1.00      0.85      0.92        40
        199       0.00      0.00      0.00        39
        200       1.00      0.76      0.86        29
        201       1.00      0.86      0.92        42
        202       1.00      0.97      0.99        34
        203       1.00      0.97      0.99        34
        204       0.00      0.00      0.00        36
        205       0.00      0.00      0.00        31
        206       0.00      0.00      0.00        36
        207       0.96      0.79      0.86        28
        208       0.96      0.96      0.96        46
        209       1.00      0.86      0.93        36
        210       1.00      1.00      1.00        28
        211       0.00      0.00      0.00        48
        212       0.00      0.00      0.00        31
        213       0.00      0.00      0.00        37
        214       1.00      0.95      0.97        41
        215       1.00      0.89      0.94        28
        216       1.00      0.11      0.21        35
        217       1.00      0.85      0.92        34
        218       1.00      0.88      0.94        33
        219       1.00      1.00      1.00        29
        220       0.93      0.82      0.87        34
        221       0.97      0.88      0.92        34
        222       0.95      0.95      0.95        43
        223       1.00      0.97      0.99        38
        224       0.89      0.24      0.37        34
        225       1.00      0.87      0.93        39
        226       1.00      0.96      0.98        27
        227       1.00      0.87      0.93        39
        228       0.00      0.00      0.00        36
        229       0.95      0.68      0.79        31
        230       0.00      0.00      0.00        32
        231       1.00      0.75      0.86        40
        232       0.00      0.00      0.00        31
        233       1.00      0.97      0.99        34
        234       0.97      0.86      0.91        35
        235       0.79      0.76      0.78        34
        236       1.00      0.98      0.99        42
        237       0.00      0.00      0.00        34
        238       1.00      0.97      0.98        32
        239       0.00      0.00      0.00        47
        240       1.00      0.85      0.92        40
        241       0.78      0.79      0.78        39
        242       0.76      0.94      0.84        36
        243       0.96      0.75      0.84        36
        244       0.00      0.00      0.00        33
        245       1.00      0.84      0.91        31
        246       0.00      0.00      0.00        35
        247       1.00      0.90      0.95        30
        248       1.00      0.52      0.68        29
        249       0.88      0.21      0.33        34
        250       1.00      0.95      0.97        40
        251       0.00      0.00      0.00        42
        252       1.00      0.90      0.95        40
        253       1.00      0.92      0.96        36
        254       1.00      0.09      0.17        32
        255       1.00      0.83      0.91        35
        256       1.00      0.94      0.97        33
        257       0.00      0.00      0.00        42
        258       1.00      0.42      0.59        45
        259       1.00      0.91      0.95        33
        260       1.00      0.98      0.99        44
        261       0.16      0.92      0.27        36
        262       1.00      0.90      0.95        39
        263       0.00      0.00      0.00        34
        264       1.00      0.12      0.21        42
        265       0.97      0.78      0.87        37
        266       0.00      0.00      0.00        34
        267       0.00      0.00      0.00        29
        268       0.38      0.11      0.17        28
        269       0.00      0.00      0.00        39
        270       0.00      0.00      0.00        38
        271       0.00      0.00      0.00        35
        272       0.96      0.60      0.74        43
        273       0.00      0.00      0.00        40
        274       1.00      0.97      0.99        37
        275       0.00      0.00      0.00        38
        276       1.00      0.90      0.95        30
        277       1.00      1.00      1.00        31
        278       1.00      0.78      0.88        37
        279       1.00      0.97      0.98        31
        280       0.00      0.00      0.00        43
        281       1.00      0.88      0.93        40
        282       0.97      0.84      0.90        38
        283       1.00      1.00      1.00        35
        284       0.82      0.61      0.70        38
        285       1.00      0.14      0.25        35
        286       0.00      0.00      0.00        34
        287       1.00      0.95      0.98        44
        288       1.00      0.95      0.97        41
        289       1.00      0.84      0.92        32
        290       0.50      0.55      0.53        38
        291       0.00      0.00      0.00        36
        292       1.00      0.92      0.96        36
        293       1.00      0.57      0.73        35
        294       1.00      0.95      0.98        44
        295       1.00      0.13      0.24        30
        296       0.00      0.00      0.00        36
        297       0.91      0.89      0.90        35
        298       0.79      0.81      0.80        32
        299       0.95      0.90      0.92        41
        300       1.00      0.96      0.98        28
        301       0.00      0.00      0.00        31
        302       1.00      0.67      0.80        42
        303       0.00      0.00      0.00        32
        304       1.00      0.74      0.85        34
        305       1.00      0.79      0.89        34
        306       0.00      0.00      0.00        45
        307       1.00      0.95      0.97        39
        308       1.00      0.95      0.98        42
        309       0.93      0.97      0.95        39
        310       1.00      0.97      0.99        34
        311       1.00      0.95      0.97        37
        312       0.00      0.00      0.00        37
        313       1.00      0.97      0.98        29
        314       1.00      0.93      0.97        30
        315       0.97      0.97      0.97        37
        316       1.00      0.76      0.87        34
        317       1.00      1.00      1.00        36
        318       1.00      0.84      0.91        43
        319       1.00      0.97      0.99        39
        320       1.00      0.91      0.95        34
        321       1.00      0.97      0.98        29
        322       0.00      0.00      0.00        38
        323       0.00      0.00      0.00        43
        324       1.00      0.93      0.96        41
        325       0.00      0.00      0.00        31
        326       1.00      0.97      0.99        35
        327       0.00      0.00      0.00        40
        328       1.00      0.94      0.97        33
        329       0.00      0.00      0.00        36
        330       0.00      0.00      0.00        36
        331       0.94      0.97      0.95        30
        332       1.00      0.94      0.97        32
        333       1.00      1.00      1.00        25
        334       0.97      1.00      0.99        35
        335       1.00      0.95      0.97        41
        336       0.00      0.00      0.00        38
        337       1.00      0.95      0.98        42
        338       0.00      0.00      0.00        43
        339       0.00      0.00      0.00        32
        340       0.97      0.88      0.92        41
        341       1.00      0.83      0.91        35
        342       1.00      0.91      0.95        32
        343       1.00      0.85      0.92        34
        344       1.00      0.94      0.97        32
        345       0.50      0.02      0.05        41
        346       1.00      0.79      0.88        38
        347       1.00      1.00      1.00        26
        348       0.53      0.43      0.47        42
        349       0.97      0.86      0.91        36
        350       1.00      0.92      0.96        36
        351       1.00      0.97      0.99        34
        352       1.00      0.97      0.99        36
        353       1.00      0.90      0.95        31
        354       0.76      0.30      0.43        43
        355       0.58      0.49      0.53        37
        356       1.00      0.94      0.97        34
        357       1.00      0.93      0.96        28
        358       1.00      0.90      0.95        40
        359       0.00      0.00      0.00        38
        360       1.00      0.97      0.99        40
        361       1.00      0.89      0.94        38
        362       0.00      0.00      0.00        37
        363       0.00      0.00      0.00        28
        364       0.00      0.00      0.00        41
        365       0.00      0.00      0.00        39
        366       0.00      0.00      0.00        45
        367       0.00      0.00      0.00        37
        368       0.00      0.00      0.00        39
        369       0.00      0.00      0.00        44
        370       0.00      0.00      0.00        41
        371       0.00      0.00      0.00        44
        372       0.25      0.04      0.06        28
        373       0.00      0.00      0.00        42
        374       0.00      0.00      0.00        35
        375       0.00      0.00      0.00        34
        376       0.00      0.00      0.00        29
        377       0.00      0.00      0.00        40
        378       0.00      0.00      0.00        40
        379       0.00      0.00      0.00        38
        380       0.00      0.00      0.00        36
        381       0.00      0.00      0.00        30
        382       0.00      0.00      0.00        40
        383       0.00      0.00      0.00        44
        384       0.00      0.00      0.00        40
        385       0.00      0.00      0.00        32
        386       0.00      0.00      0.00        28
        387       0.00      0.00      0.00        35
        388       0.00      0.00      0.00        34
        389       0.00      0.00      0.00        34
        390       0.00      0.00      0.00        29
        391       0.00      0.00      0.00        45
        392       0.00      0.00      0.00        33
        393       0.00      0.00      0.00        48
        394       0.00      0.00      0.00        36
        395       0.00      0.00      0.00        27
        396       0.00      0.00      0.00        39
        397       0.00      0.00      0.00        31
        398       0.00      0.00      0.00        39
        399       0.00      0.00      0.00        33
        400       0.00      0.00      0.00        34
        401       0.00      0.00      0.00        37
        402       0.00      0.00      0.00        25
        403       0.00      0.00      0.00        38
        404       0.00      0.00      0.00        34
        405       0.00      0.00      0.00        36
        406       0.00      0.00      0.00        41
        407       0.00      0.00      0.00        34
        408       0.01      0.17      0.02        30
        409       0.00      0.00      0.00        41
        410       0.00      0.00      0.00        41
        411       0.00      0.00      0.00        38
        412       0.00      0.00      0.00        27
        413       0.00      0.00      0.00        31
        414       0.00      0.00      0.00        33
        415       0.00      0.00      0.00        32
        416       0.00      0.00      0.00        44
        417       0.00      0.00      0.00        46
        418       0.00      0.00      0.00        31
        419       0.00      0.00      0.00        35
        420       0.00      0.00      0.00        38
        421       0.00      0.00      0.00        40
        422       0.01      0.48      0.02        27
        423       0.00      0.00      0.00        28
        424       0.00      0.00      0.00        33
        425       0.00      0.00      0.00        29
        426       0.00      0.00      0.00        40
        427       0.00      0.00      0.00        43
        428       0.00      0.00      0.00        35
        429       0.00      0.00      0.00        33
        430       0.00      0.00      0.00        29
        431       0.09      1.00      0.16        34
        432       0.08      1.00      0.15        26
        433       0.97      0.97      0.97        38
        434       1.00      0.85      0.92        41
        435       0.91      0.83      0.87        35
        436       1.00      0.92      0.96        25
        437       0.00      0.00      0.00        31
        438       1.00      0.83      0.91        29
        439       0.86      0.98      0.92        45
        440       0.92      0.94      0.93        36
        441       1.00      0.93      0.96        40
        442       0.94      0.97      0.96        33
        443       1.00      0.83      0.91        35
        444       1.00      0.66      0.79        35
        445       1.00      0.03      0.06        35
        446       0.00      0.00      0.00        31
        447       0.66      0.94      0.78        35
        448       1.00      0.92      0.96        38
        449       0.00      0.00      0.00        33
        450       0.00      0.00      0.00        32
        451       0.00      0.00      0.00        36
        452       1.00      1.00      1.00        35
        453       0.00      0.00      0.00        42
        454       0.96      0.86      0.91        29
        455       0.00      0.00      0.00        33
        456       0.00      0.00      0.00        38
        457       0.00      0.00      0.00        38
        458       0.97      0.97      0.97        35
        459       0.94      0.50      0.65        32
        460       0.98      0.95      0.96        42
        461       1.00      0.95      0.97        37
        462       1.00      0.78      0.88        32
        463       1.00      1.00      1.00        29
        464       1.00      0.88      0.93        40
        465       1.00      0.91      0.95        33
        466       0.89      0.92      0.91        37
        467       0.00      0.00      0.00        21
        468       1.00      0.03      0.05        38
        469       1.00      0.95      0.97        39
        470       1.00      0.85      0.92        33
        471       1.00      0.91      0.95        33
        472       0.97      0.97      0.97        31
        473       1.00      0.91      0.95        44
        474       1.00      0.81      0.89        31
        475       0.00      0.00      0.00        33
        476       1.00      0.94      0.97        36
        477       0.00      0.00      0.00        42
        478       1.00      0.77      0.87        31
        479       0.77      0.94      0.85        36
        480       0.00      0.00      0.00        45
        481       0.00      0.00      0.00        27
        482       0.00      0.00      0.00        35
        483       1.00      1.00      1.00        34
        484       0.96      0.90      0.92        48
        485       1.00      0.89      0.94        37
        486       1.00      0.44      0.61        34
        487       0.94      0.94      0.94        36
        488       1.00      0.90      0.95        39
        489       1.00      0.93      0.96        42
        490       1.00      0.95      0.97        41
        491       1.00      0.12      0.21        34
        492       1.00      0.97      0.98        30
        493       0.00      0.00      0.00        33
        494       0.00      0.00      0.00        38
        495       0.00      0.00      0.00        43
        496       0.00      0.00      0.00        38
        497       0.77      0.79      0.78        42
        498       1.00      0.93      0.96        42
        499       1.00      0.97      0.98        33
        500       1.00      0.86      0.93        37
        501       1.00      0.97      0.98        32
        502       0.82      0.91      0.86        35
        503       1.00      0.54      0.70        35
        504       0.00      0.00      0.00        36
        505       1.00      0.97      0.99        37
        506       1.00      0.89      0.94        38
        507       0.96      0.84      0.90        32
        508       0.00      0.00      0.00        43
        509       1.00      0.88      0.93        32
        510       0.97      0.97      0.97        38
        511       1.00      0.88      0.94        41
        512       0.00      0.00      0.00        43
        513       0.63      0.66      0.64        29
        514       1.00      0.85      0.92        34
        515       1.00      0.88      0.94        33
        516       0.00      0.00      0.00        37
        517       1.00      0.85      0.92        20
        518       1.00      0.96      0.98        28
        519       1.00      0.80      0.89        35
        520       0.96      0.86      0.91        29
        521       0.00      0.00      0.00        43
        522       1.00      0.12      0.22        32
        523       1.00      0.80      0.89        35
        524       0.00      0.00      0.00        49
        525       0.00      0.00      0.00        34
        526       1.00      0.55      0.71        33
        527       1.00      0.89      0.94        36
        528       0.97      0.79      0.87        38
        529       1.00      0.87      0.93        30
        530       1.00      0.92      0.96        36
        531       0.00      0.00      0.00        35
        532       1.00      0.82      0.90        40
        533       1.00      0.94      0.97        36
        534       1.00      0.78      0.87        40
        535       1.00      0.97      0.99        36
        536       0.00      0.00      0.00        40
        537       1.00      0.26      0.41        31
        538       0.00      0.00      0.00        35
        539       0.00      0.00      0.00        43
        540       0.00      0.00      0.00        41
        541       1.00      0.92      0.96        24
        542       1.00      0.93      0.96        41
        543       0.93      0.88      0.90        32
        544       0.00      0.00      0.00        33
        545       1.00      1.00      1.00        38
        546       1.00      0.92      0.96        38
        547       0.00      0.00      0.00        35
        548       1.00      0.94      0.97        36
        549       0.00      0.00      0.00        40
        550       1.00      0.79      0.89        39
        551       1.00      0.97      0.98        33
        552       1.00      0.94      0.97        35
        553       0.00      0.00      0.00        45
        554       1.00      0.88      0.93        32
        555       1.00      0.95      0.98        42
        556       1.00      0.88      0.93        32
        557       0.00      0.00      0.00        37
        558       0.46      0.46      0.46        35
        559       0.00      0.00      0.00        31
        560       1.00      0.81      0.90        32
        561       1.00      0.87      0.93        38
        562       0.00      0.00      0.00        32
        563       1.00      0.93      0.97        30
        564       1.00      0.98      0.99        42
        565       0.00      0.00      0.00        42
        566       1.00      1.00      1.00        43
        567       0.33      0.03      0.06        33
        568       0.38      0.23      0.29        35
        569       0.45      0.58      0.51        38
        570       1.00      0.71      0.83        35
        571       1.00      0.89      0.94        37
        572       1.00      0.56      0.71        36
        573       1.00      0.95      0.97        38
        574       1.00      0.94      0.97        35
        575       1.00      1.00      1.00        37
        576       0.00      0.00      0.00        29
        577       0.89      0.94      0.91        33
        578       0.00      0.00      0.00        30
        579       1.00      0.85      0.92        39
        580       1.00      0.86      0.92        35
        581       0.00      0.00      0.00        38
        582       1.00      0.92      0.96        37
        583       0.00      0.00      0.00        35
        584       1.00      0.92      0.96        36
        585       1.00      0.85      0.92        26
        586       1.00      0.97      0.99        36
        587       1.00      0.97      0.99        36
        588       1.00      0.97      0.99        39
        589       0.00      0.00      0.00        41
        590       0.00      0.00      0.00        29
        591       0.00      0.00      0.00        34
        592       0.74      0.90      0.81        31
        593       1.00      0.79      0.89        34
        594       0.92      0.97      0.95        36
        595       1.00      0.90      0.95        40
        596       0.96      0.93      0.95        28
        597       1.00      0.95      0.97        41
        598       1.00      0.95      0.97        37
        599       0.96      0.86      0.91        28
        600       1.00      0.89      0.94        38
        601       0.96      0.75      0.84        32
        602       1.00      0.93      0.96        41
        603       0.94      0.89      0.92        37
        604       1.00      0.95      0.97        40
        605       0.97      0.91      0.94        32
        606       1.00      0.86      0.92        28
        607       1.00      0.97      0.99        38
        608       1.00      0.89      0.94        35
        609       0.00      0.00      0.00        37
        610       0.97      0.82      0.89        34
        611       0.95      0.90      0.92        39
        612       0.97      0.97      0.97        40
        613       1.00      0.93      0.96        29
        614       0.94      0.79      0.86        38
        615       1.00      0.87      0.93        39
        616       1.00      0.92      0.96        36
        617       1.00      0.91      0.95        32
        618       1.00      0.80      0.89        30
        619       1.00      0.80      0.89        40
        620       1.00      0.86      0.93        36
        621       0.00      0.00      0.00        26
        622       1.00      0.97      0.99        39
        623       0.00      0.00      0.00        34
        624       0.00      0.00      0.00        33
        625       0.00      0.00      0.00        31
        626       1.00      0.03      0.06        34
        627       0.00      0.00      0.00        36
        628       1.00      0.60      0.75        40
        629       1.00      0.68      0.81        44
        630       1.00      0.42      0.59        24
        631       1.00      0.98      0.99        41
        632       1.00      0.87      0.93        47
        633       0.56      0.97      0.71        39
        634       1.00      0.92      0.96        37
        635       0.00      0.00      0.00        38
        636       1.00      0.97      0.98        33
        637       0.97      0.97      0.97        30
        638       0.00      0.00      0.00        39
        639       0.94      0.59      0.72        29
        640       0.97      0.84      0.90        38
        641       1.00      0.90      0.95        41
        642       1.00      0.86      0.93        37
        643       0.00      0.00      0.00        40
        644       0.96      0.81      0.88        31
        645       1.00      0.89      0.94        36
        646       1.00      0.70      0.82        40
        647       0.00      0.00      0.00        35
        648       1.00      0.89      0.94        38
        649       0.88      0.94      0.91        32
        650       0.94      0.97      0.96        35
        651       1.00      0.91      0.96        35
        652       0.00      0.00      0.00        30
        653       1.00      0.90      0.95        40
        654       0.97      0.91      0.94        33
        655       1.00      1.00      1.00        39
        656       0.97      0.85      0.91        41
        657       1.00      0.96      0.98        27
        658       1.00      0.73      0.85        41
        659       1.00      0.90      0.95        31
        660       1.00      0.88      0.93        32
        661       0.00      0.00      0.00        27
        662       0.00      0.00      0.00        25
        663       0.00      0.00      0.00        34
        664       0.00      0.00      0.00        42
        665       0.30      1.00      0.46        32
        666       0.97      0.97      0.97        35
        667       0.00      0.00      0.00        34
        668       0.00      0.00      0.00        45
        669       1.00      0.90      0.95        29
        670       1.00      0.97      0.99        38
        671       1.00      0.49      0.65        35
        672       1.00      1.00      1.00        30
        673       0.97      0.90      0.93        39
        674       0.00      0.00      0.00        38
        675       1.00      0.80      0.89        35
        676       1.00      0.93      0.96        42
        677       0.00      0.00      0.00        41
        678       0.93      0.90      0.92        31
        679       0.00      0.00      0.00        28
        680       1.00      0.89      0.94        44
        681       0.00      0.00      0.00        41
        682       1.00      0.81      0.90        32
        683       1.00      0.06      0.11        33
        684       1.00      0.94      0.97        32
        685       0.83      0.78      0.81        37
        686       0.81      0.88      0.85        34
        687       1.00      0.03      0.05        38
        688       1.00      0.94      0.97        31
        689       1.00      0.83      0.91        35
        690       1.00      0.97      0.98        30
        691       1.00      0.93      0.96        29
        692       0.00      0.00      0.00        35
        693       0.00      0.00      0.00        39
        694       1.00      0.61      0.76        41
        695       0.00      0.00      0.00        38
        696       1.00      1.00      1.00        34
        697       0.90      0.97      0.94        38
        698       1.00      0.80      0.89        25
        699       0.78      0.89      0.83        28
        700       1.00      0.97      0.99        38
        701       1.00      0.85      0.92        34
        702       1.00      0.80      0.89        40
        703       1.00      0.83      0.91        41
        704       0.85      0.82      0.84        40
        705       1.00      0.95      0.97        37
        706       0.00      0.00      0.00        41
        707       0.00      0.00      0.00        43
        708       1.00      0.84      0.91        31
        709       1.00      0.92      0.96        38
        710       0.97      0.88      0.92        34
        711       0.01      0.83      0.02        35
        712       1.00      0.97      0.99        37
        713       0.00      0.00      0.00        42
        714       0.00      0.00      0.00        32
        715       0.00      0.00      0.00        40
        716       0.98      0.95      0.96        42
        717       0.91      0.91      0.91        34
        718       1.00      0.84      0.91        38
        719       1.00      0.03      0.07        29
        720       0.94      0.79      0.86        39
        721       0.00      0.00      0.00        29
        722       1.00      0.94      0.97        34
        723       1.00      0.89      0.94        35
        724       1.00      0.92      0.96        36
        725       1.00      0.41      0.58        37
        726       1.00      0.93      0.96        42
        727       1.00      0.95      0.97        39
        728       1.00      0.82      0.90        33
        729       1.00      0.78      0.88        36
        730       0.92      0.75      0.83        32
        731       0.00      0.00      0.00        34
        732       1.00      0.94      0.97        31
        733       0.00      0.00      0.00        31
        734       0.00      0.00      0.00        31
        735       1.00      0.88      0.93        32
        736       1.00      0.94      0.97        31
        737       1.00      0.98      0.99        47
        738       1.00      0.97      0.99        37
        739       0.97      0.97      0.97        37
        740       0.91      0.85      0.88        34
        741       0.97      0.85      0.90        39
        742       0.96      0.88      0.92        26
        743       1.00      0.89      0.94        35
        744       1.00      0.94      0.97        33
        745       1.00      0.95      0.97        38
        746       1.00      0.87      0.93        31
        747       1.00      1.00      1.00        35
        748       1.00      0.77      0.87        35
        749       1.00      0.96      0.98        26
        750       0.00      0.00      0.00        33
        751       0.00      0.00      0.00        35
        752       1.00      0.96      0.98        45
        753       1.00      0.95      0.97        37
        754       0.00      0.00      0.00        39
        755       0.00      0.00      0.00        40
        756       1.00      0.97      0.98        33
        757       1.00      0.57      0.72        30
        758       1.00      0.04      0.08        46
        759       0.97      0.86      0.91        36
        760       0.97      0.80      0.88        35
        761       1.00      0.88      0.94        33
        762       1.00      0.94      0.97        35
        763       0.95      0.95      0.95        43
        764       0.00      0.00      0.00        37
        765       1.00      1.00      1.00        29
        766       1.00      0.91      0.96        35
        767       1.00      0.93      0.96        41
        768       1.00      0.76      0.86        33
        769       1.00      0.95      0.97        39
        770       0.00      0.00      0.00        35
        771       1.00      0.85      0.92        39
        772       0.00      0.00      0.00        32
        773       1.00      0.79      0.88        29
        774       0.97      0.75      0.85        44
        775       1.00      0.75      0.86        28
        776       1.00      0.07      0.14        41
        777       0.00      0.00      0.00        44
        778       1.00      0.85      0.92        34
        779       0.92      0.92      0.92        26
        780       1.00      0.76      0.86        37
        781       1.00      0.95      0.97        40
        782       0.92      0.92      0.92        37
        783       1.00      0.74      0.85        34
        784       0.91      1.00      0.95        31
        785       0.35      0.78      0.48        41
        786       1.00      0.87      0.93        46
        787       1.00      0.89      0.94        27
        788       0.96      0.77      0.86        35
        789       0.00      0.00      0.00        38
        790       1.00      0.91      0.95        43
        791       0.00      0.00      0.00        48
        792       1.00      0.93      0.96        43
        793       1.00      0.81      0.90        43
        794       1.00      0.89      0.94        38
        795       1.00      0.86      0.93        37
        796       1.00      0.95      0.98        42
        797       1.00      0.56      0.71        36
        798       0.00      0.00      0.00        33
        799       1.00      0.94      0.97        34
        800       0.95      0.98      0.96        41
        801       1.00      0.94      0.97        48
        802       0.00      0.00      0.00        34
        803       1.00      0.83      0.91        36
        804       1.00      0.82      0.90        40
        805       0.00      0.00      0.00        33
        806       0.00      0.00      0.00        34
        807       1.00      0.75      0.86        32
        808       0.97      0.90      0.93        39
        809       0.86      0.94      0.90        32
        810       0.87      0.68      0.76        38
        811       0.00      0.00      0.00        36
        812       1.00      0.79      0.88        29
        813       1.00      0.97      0.99        37
        814       1.00      0.14      0.24        36
        815       0.00      0.00      0.00        37
        816       1.00      0.97      0.99        39
        817       1.00      0.90      0.95        29
        818       0.00      0.00      0.00        28
        819       1.00      0.51      0.68        37
        820       0.97      0.74      0.84        39
        821       0.97      0.90      0.94        42
        822       1.00      0.97      0.98        33
        824       1.00      0.97      0.99        35
        825       1.00      0.80      0.89        35
        826       1.00      1.00      1.00        38
        827       1.00      0.78      0.88        36
        828       0.00      0.00      0.00        39
        829       0.00      0.00      0.00        37
        830       1.00      0.86      0.93        37
        831       1.00      0.97      0.98        30
        832       0.91      0.88      0.89        33
        833       0.00      0.00      0.00        39
        834       0.00      0.00      0.00        39
        835       0.97      0.92      0.95        39
        836       1.00      0.97      0.99        40
        837       0.00      0.00      0.00        36
        838       0.00      0.00      0.00        33
        839       1.00      0.87      0.93        30
        840       1.00      0.89      0.94        35
        841       0.00      0.00      0.00        32
        842       1.00      0.97      0.98        30
        843       1.00      0.95      0.97        41
        844       1.00      0.96      0.98        28
        845       1.00      0.92      0.96        25
        846       0.00      0.00      0.00        36
        847       0.49      0.78      0.60        37
        848       0.94      0.94      0.94        34
        849       0.00      0.00      0.00        39
        850       0.79      0.76      0.78        34
        851       0.00      0.00      0.00        35
        852       1.00      0.70      0.83        37
        853       0.00      0.00      0.00        31
        854       0.00      0.00      0.00        38
        855       0.00      0.00      0.00        34
        856       0.00      0.00      0.00        38
        857       1.00      0.28      0.43        29
        858       0.00      0.00      0.00        38
        859       1.00      0.88      0.94        33
        860       1.00      0.94      0.97        34
        861       1.00      0.71      0.83        41
        862       0.89      0.95      0.92        43
        863       1.00      0.93      0.97        45
        864       1.00      0.89      0.94        37
        865       1.00      0.86      0.93        29
        866       0.00      0.00      0.00        34
        867       0.00      0.00      0.00        36
        868       0.00      0.00      0.00        36
        869       0.00      0.00      0.00        33
        870       0.00      0.00      0.00        33
        871       1.00      0.92      0.96        26
        872       1.00      0.89      0.94        46
        873       1.00      0.93      0.96        28
        874       0.00      0.00      0.00        34
        875       1.00      0.88      0.93        32
        876       1.00      0.89      0.94        38
        877       1.00      0.92      0.96        38
        878       1.00      0.93      0.96        42
        879       1.00      0.81      0.89        42
        880       0.97      0.95      0.96        38
        881       0.00      0.97      0.01        30
        882       1.00      0.97      0.99        35
        883       1.00      0.88      0.93        32
        884       1.00      0.81      0.90        37
        885       0.00      0.00      0.00        36
        886       1.00      1.00      1.00        35
        887       0.97      0.83      0.90        36
        888       1.00      0.92      0.96        25
        889       1.00      0.88      0.93        32
        890       0.00      0.00      0.00        36
        891       1.00      0.93      0.96        40
        892       1.00      0.90      0.95        29
        893       1.00      0.94      0.97        35
        894       0.00      0.00      0.00        38
        895       1.00      0.71      0.83        41
        896       0.00      0.00      0.00        37
        897       1.00      1.00      1.00        41
        898       0.84      0.91      0.87        34
        899       1.00      0.94      0.97        33
        900       0.00      0.00      0.00        28
        901       1.00      0.97      0.99        38
        902       0.00      0.00      0.00        34
        903       0.97      0.94      0.96        35
        904       1.00      0.93      0.97        30
        905       1.00      0.94      0.97        33
        906       1.00      0.69      0.82        29
        907       0.90      0.97      0.93        36
        908       0.97      0.70      0.81        43
        909       0.00      0.00      0.00        32
        910       0.44      0.09      0.14        47
        911       0.35      0.49      0.41        39
        912       1.00      0.84      0.91        38
        913       1.00      0.06      0.12        32
        914       0.00      0.00      0.00        38
        915       0.00      0.00      0.00        44
        916       0.97      0.90      0.93        31
        917       1.00      0.97      0.98        32
        918       1.00      0.90      0.95        40
        919       0.94      0.91      0.92        33
        920       0.00      0.00      0.00        38
        921       0.50      0.12      0.19        34
        922       0.00      0.00      0.00        29
        923       1.00      0.88      0.94        33
        924       0.44      0.48      0.46        29
        925       1.00      0.86      0.93        37
        926       1.00      0.84      0.91        43
        927       0.00      0.00      0.00        40
        928       0.92      0.92      0.92        36
        929       1.00      0.92      0.96        36
        930       1.00      0.06      0.12        32
        931       0.00      0.00      0.00        34
        932       0.01      0.04      0.01        27
        933       0.00      0.00      0.00        32
        934       0.25      0.86      0.39        36
        935       1.00      0.94      0.97        33
        936       1.00      0.23      0.38        43
        937       0.00      0.00      0.00        42
        938       1.00      0.93      0.96        41
        939       1.00      0.98      0.99        42
        940       1.00      0.70      0.83        44
        941       1.00      0.97      0.99        39
        942       0.89      0.94      0.92        35
        943       1.00      0.92      0.96        38
        944       1.00      0.94      0.97        34
        945       0.97      0.97      0.97        37
        946       1.00      0.86      0.92        35
        947       1.00      0.76      0.86        41
        948       0.27      0.92      0.42        36
        949       1.00      0.94      0.97        34
        950       1.00      0.79      0.88        38
        951       1.00      0.93      0.96        27
        952       1.00      0.89      0.94        35
        953       1.00      0.95      0.97        37
        954       0.00      0.00      0.00        31
        955       0.00      0.00      0.00        33
        956       1.00      0.97      0.99        37
        957       0.97      0.97      0.97        32
        958       1.00      0.92      0.96        36
        959       1.00      0.75      0.86        32
        960       0.92      0.40      0.56        30
        961       1.00      0.76      0.87        34
        962       1.00      0.94      0.97        34
        963       1.00      0.78      0.88        37
        964       1.00      0.06      0.11        35
        965       1.00      0.33      0.49        40
        966       1.00      0.50      0.67        42
        967       1.00      0.94      0.97        34
        968       1.00      0.97      0.99        34
        969       0.96      0.62      0.75        42
        970       0.29      0.45      0.35        33
        971       0.77      0.62      0.69        39
        972       0.64      0.82      0.72        34
        973       1.00      0.92      0.96        26
        974       1.00      0.03      0.05        37
        975       1.00      0.80      0.89        35
        976       0.58      0.19      0.29        37
        977       1.00      0.03      0.05        40
        978       0.88      0.80      0.84        35
        979       1.00      0.81      0.89        47
        980       0.00      0.00      0.00        47
        981       1.00      0.86      0.93        37
        982       1.00      0.15      0.26        27
        983       0.00      0.00      0.00        39
        984       1.00      0.92      0.96        48
        985       0.00      0.00      0.00        33
        986       0.00      0.00      0.00        29
        987       0.00      0.00      0.00        37
        988       0.00      0.00      0.00        36
        989       1.00      0.03      0.05        37
        990       0.00      0.00      0.00        25
        991       0.98      0.98      0.98        41
        992       1.00      0.90      0.95        31
        993       0.00      0.00      0.00        47
        994       0.91      0.69      0.78        42
        995       1.00      0.76      0.87        34
        996       1.00      0.79      0.89        34
        997       0.00      0.00      0.00        37
        998       1.00      0.94      0.97        33
        999       0.00      0.00      0.00        37

avg / total       0.65      0.55      0.58     35648

Accuracy:  0.554449057451

Process finished with exit code 0
