             precision    recall  f1-score   support

          0       1.00      1.00      1.00        31
          1       1.00      1.00      1.00        26
          2       1.00      1.00      1.00        30
          3       1.00      1.00      1.00        37
          4       1.00      0.95      0.97        37
          5       1.00      1.00      1.00        37
          6       1.00      1.00      1.00         1
          7       1.00      1.00      1.00        13
          8       1.00      1.00      1.00        33
          9       1.00      1.00      1.00        11
         10       1.00      1.00      1.00        12
         11       1.00      1.00      1.00        30
         12       1.00      1.00      1.00         1
         13       1.00      1.00      1.00        33
         14       1.00      1.00      1.00        39
         15       1.00      1.00      1.00        33
         16       1.00      1.00      1.00        38
         17       1.00      1.00      1.00         4
         18       1.00      1.00      1.00        36
         19       1.00      1.00      1.00        16
         20       1.00      1.00      1.00         8
         21       0.91      0.67      0.77        15
         22       1.00      1.00      1.00        41
         23       1.00      1.00      1.00        29
         24       1.00      1.00      1.00        28
         26       1.00      1.00      1.00        42
         27       1.00      1.00      1.00        24
         28       1.00      1.00      1.00        40
         30       1.00      1.00      1.00        34
         31       1.00      1.00      1.00        31
         32       1.00      1.00      1.00        43
         33       1.00      1.00      1.00        38
         34       1.00      1.00      1.00        38
         35       1.00      1.00      1.00        36
         36       1.00      1.00      1.00        45
         37       1.00      1.00      1.00        33
         38       1.00      1.00      1.00        38
         39       1.00      1.00      1.00        39
         40       1.00      1.00      1.00        40
         41       1.00      1.00      1.00        45
         42       1.00      1.00      1.00        37
         43       1.00      1.00      1.00        20
         44       1.00      1.00      1.00        31
         45       1.00      1.00      1.00        38
         46       1.00      1.00      1.00        29
         47       1.00      1.00      1.00        24
         49       1.00      1.00      1.00        36
         50       1.00      1.00      1.00        42
         51       1.00      1.00      1.00         4
         52       1.00      1.00      1.00        33
         53       1.00      1.00      1.00        16
         54       1.00      1.00      1.00        38
         55       1.00      1.00      1.00        36
         56       1.00      1.00      1.00        29
         57       1.00      1.00      1.00        42
         58       1.00      1.00      1.00        32
         59       1.00      1.00      1.00         9
         60       1.00      1.00      1.00        36
         61       1.00      1.00      1.00        41
         62       0.97      1.00      0.99        35
         63       1.00      1.00      1.00        35
         64       1.00      1.00      1.00        35
         65       1.00      1.00      1.00        33
         66       1.00      0.97      0.99        39
         67       1.00      1.00      1.00        40
         68       1.00      1.00      1.00        31
         69       1.00      1.00      1.00        40
         70       1.00      1.00      1.00        43
         71       1.00      1.00      1.00        33
         72       1.00      1.00      1.00        38
         73       1.00      1.00      1.00        35
         74       1.00      1.00      1.00        29
         75       1.00      1.00      1.00        35
         76       1.00      1.00      1.00        35
         77       1.00      1.00      1.00        34
         78       1.00      1.00      1.00        37
         79       1.00      1.00      1.00        41
         80       1.00      1.00      1.00        40
         81       1.00      1.00      1.00        33
         82       1.00      1.00      1.00        39
         83       1.00      1.00      1.00        35
         84       1.00      1.00      1.00        32
         85       1.00      1.00      1.00        33
         86       1.00      1.00      1.00        40
         87       1.00      1.00      1.00        40
         88       1.00      1.00      1.00        28
         89       1.00      1.00      1.00        34
         90       1.00      1.00      1.00        31
         91       1.00      1.00      1.00        39
         92       1.00      1.00      1.00        34
         93       1.00      1.00      1.00        35
         94       1.00      1.00      1.00        43
         95       1.00      1.00      1.00        31
         97       1.00      1.00      1.00        33
         98       1.00      1.00      1.00         5
         99       1.00      1.00      1.00        29
        100       1.00      1.00      1.00        39
        101       1.00      1.00      1.00        27
        102       1.00      1.00      1.00         2
        103       1.00      1.00      1.00        36
        104       1.00      1.00      1.00        33
        105       1.00      1.00      1.00        33
        106       1.00      1.00      1.00        32
        107       1.00      1.00      1.00        39
        108       1.00      1.00      1.00        37
        109       1.00      1.00      1.00        43
        110       1.00      1.00      1.00        47
        111       1.00      1.00      1.00        43
        112       1.00      1.00      1.00        25
        113       1.00      1.00      1.00        34
        114       1.00      1.00      1.00        33
        115       1.00      1.00      1.00        29
        116       1.00      1.00      1.00        36
        117       1.00      1.00      1.00        40
        118       1.00      1.00      1.00        33
        119       1.00      1.00      1.00        32
        120       1.00      1.00      1.00        30
        121       1.00      1.00      1.00        31
        122       1.00      1.00      1.00        38
        123       0.90      1.00      0.95        36
        124       1.00      1.00      1.00         4
        125       1.00      1.00      1.00        36
        126       1.00      1.00      1.00        40
        127       1.00      1.00      1.00        37
        128       1.00      1.00      1.00        25
        129       1.00      1.00      1.00        29
        130       1.00      1.00      1.00        37
        131       1.00      1.00      1.00        30
        132       1.00      1.00      1.00        30
        133       1.00      1.00      1.00        33
        134       1.00      1.00      1.00        39
        135       1.00      1.00      1.00        40
        136       1.00      0.97      0.98        29
        137       1.00      1.00      1.00        40
        138       1.00      0.97      0.99        35
        139       0.96      1.00      0.98        27
        140       0.93      1.00      0.96        27
        141       1.00      0.96      0.98        28
        142       1.00      1.00      1.00        37
        143       1.00      1.00      1.00        40
        144       1.00      1.00      1.00        34
        145       1.00      1.00      1.00        32
        146       1.00      1.00      1.00        30
        147       1.00      1.00      1.00        36
        148       1.00      1.00      1.00        34
        149       1.00      1.00      1.00        46
        150       0.00      0.00      0.00         1
        151       1.00      1.00      1.00        36
        152       1.00      1.00      1.00        37
        153       1.00      1.00      1.00        36
        154       1.00      1.00      1.00        37
        155       1.00      1.00      1.00        26
        156       1.00      1.00      1.00        28
        157       1.00      1.00      1.00         3
        158       1.00      1.00      1.00        31
        159       1.00      1.00      1.00        20
        160       1.00      1.00      1.00        36
        161       1.00      1.00      1.00        34
        162       1.00      1.00      1.00        43
        163       1.00      1.00      1.00        32
        164       1.00      1.00      1.00        35
        165       1.00      1.00      1.00        34
        166       1.00      1.00      1.00        31
        167       1.00      1.00      1.00        38
        168       1.00      1.00      1.00        32
        170       1.00      1.00      1.00        43
        171       1.00      1.00      1.00        38
        172       1.00      1.00      1.00        38
        173       1.00      1.00      1.00        30
        174       1.00      1.00      1.00        28
        175       1.00      1.00      1.00        34
        176       1.00      1.00      1.00        22
        177       1.00      1.00      1.00        21
        178       1.00      1.00      1.00        38
        179       1.00      1.00      1.00        29
        180       1.00      1.00      1.00        38
        181       1.00      1.00      1.00        10
        182       1.00      1.00      1.00        30
        183       1.00      1.00      1.00        28
        184       1.00      1.00      1.00        44
        185       1.00      1.00      1.00        33
        186       1.00      1.00      1.00        33
        187       1.00      1.00      1.00        42
        188       1.00      1.00      1.00        40
        189       1.00      1.00      1.00        32
        191       1.00      1.00      1.00        30
        192       1.00      1.00      1.00         9
        193       1.00      1.00      1.00        30
        194       1.00      1.00      1.00        34
        195       1.00      1.00      1.00        45
        196       1.00      1.00      1.00         4
        197       1.00      1.00      1.00         2
        198       1.00      1.00      1.00        35
        199       1.00      1.00      1.00        29
        200       1.00      1.00      1.00        29
        201       1.00      1.00      1.00        34
        202       1.00      1.00      1.00        38
        203       1.00      1.00      1.00        37
        204       1.00      1.00      1.00        32
        205       1.00      1.00      1.00        39
        206       1.00      1.00      1.00        31
        207       1.00      1.00      1.00        35
        208       1.00      1.00      1.00        29
        209       1.00      1.00      1.00        36
        210       1.00      1.00      1.00        24
        212       1.00      1.00      1.00        29
        213       1.00      1.00      1.00        37
        214       1.00      1.00      1.00        46
        215       1.00      1.00      1.00        33
        216       1.00      1.00      1.00         7
        217       1.00      1.00      1.00        38
        218       1.00      1.00      1.00        33
        219       1.00      1.00      1.00        30
        220       1.00      1.00      1.00        31
        221       1.00      1.00      1.00        31
        222       1.00      1.00      1.00        31
        223       1.00      1.00      1.00        31
        224       1.00      1.00      1.00        23
        225       1.00      1.00      1.00        37
        226       1.00      1.00      1.00        31
        227       1.00      1.00      1.00        36
        229       1.00      1.00      1.00        39
        230       1.00      1.00      1.00        40
        231       1.00      1.00      1.00        33
        232       1.00      1.00      1.00        36
        233       1.00      1.00      1.00        31
        234       1.00      1.00      1.00        34
        235       1.00      1.00      1.00        38
        236       1.00      1.00      1.00        25
        237       1.00      1.00      1.00        34
        238       1.00      1.00      1.00        30
        239       1.00      1.00      1.00        40
        240       1.00      1.00      1.00        38
        241       1.00      1.00      1.00        33
        242       1.00      1.00      1.00        39
        243       1.00      1.00      1.00        36
        244       1.00      1.00      1.00        32
        245       1.00      1.00      1.00        30
        246       1.00      1.00      1.00        32
        247       1.00      1.00      1.00        36
        248       1.00      1.00      1.00        36
        249       1.00      1.00      1.00        15
        250       1.00      1.00      1.00        27
        252       1.00      1.00      1.00        34
        253       1.00      1.00      1.00        37
        254       1.00      1.00      1.00        41
        255       1.00      1.00      1.00        38
        256       1.00      1.00      1.00        34
        257       0.00      0.00      0.00         1
        258       1.00      1.00      1.00        37
        259       1.00      1.00      1.00        38
        260       1.00      1.00      1.00        26
        261       1.00      1.00      1.00        39
        262       1.00      1.00      1.00        40
        263       1.00      1.00      1.00        30
        264       1.00      1.00      1.00        34
        265       1.00      1.00      1.00        29
        266       1.00      1.00      1.00        39
        267       1.00      1.00      1.00        34
        268       1.00      1.00      1.00        35
        269       1.00      1.00      1.00        41
        270       1.00      1.00      1.00        33
        271       1.00      1.00      1.00        36
        272       1.00      1.00      1.00        35
        273       1.00      1.00      1.00        44
        274       1.00      1.00      1.00        42
        275       1.00      1.00      1.00        32
        276       1.00      1.00      1.00        25
        277       1.00      1.00      1.00        40
        278       1.00      1.00      1.00        39
        279       1.00      1.00      1.00        30
        280       1.00      1.00      1.00         1
        281       1.00      1.00      1.00        33
        282       1.00      1.00      1.00        35
        283       1.00      1.00      1.00        31
        284       1.00      1.00      1.00        33
        285       1.00      1.00      1.00         7
        286       1.00      1.00      1.00        39
        287       1.00      1.00      1.00        36
        288       1.00      1.00      1.00        41
        289       1.00      1.00      1.00        41
        290       1.00      1.00      1.00        35
        291       1.00      1.00      1.00        40
        292       1.00      1.00      1.00        33
        293       1.00      1.00      1.00        33
        294       1.00      1.00      1.00        42
        295       1.00      1.00      1.00        33
        296       1.00      1.00      1.00        36
        297       1.00      1.00      1.00        37
        298       1.00      1.00      1.00        38
        299       1.00      1.00      1.00        41
        300       1.00      1.00      1.00        32
        302       1.00      1.00      1.00        44
        303       1.00      1.00      1.00        35
        304       1.00      1.00      1.00        36
        305       1.00      1.00      1.00        25
        306       1.00      1.00      1.00        27
        307       1.00      1.00      1.00        38
        308       1.00      1.00      1.00        39
        309       1.00      1.00      1.00        36
        310       1.00      1.00      1.00        38
        311       1.00      1.00      1.00        36
        312       1.00      1.00      1.00        40
        313       1.00      1.00      1.00        34
        314       1.00      1.00      1.00        32
        315       1.00      1.00      1.00        29
        316       1.00      1.00      1.00        38
        317       1.00      1.00      1.00        34
        318       1.00      1.00      1.00        38
        319       1.00      1.00      1.00        37
        320       1.00      1.00      1.00        40
        321       1.00      1.00      1.00        35
        322       1.00      1.00      1.00        34
        323       1.00      1.00      1.00        34
        324       1.00      1.00      1.00        35
        325       1.00      1.00      1.00        49
        326       1.00      1.00      1.00        38
        327       1.00      1.00      1.00        32
        328       1.00      1.00      1.00        38
        329       1.00      1.00      1.00        35
        330       1.00      1.00      1.00        43
        331       1.00      1.00      1.00        32
        332       1.00      1.00      1.00        43
        333       1.00      1.00      1.00        31
        334       1.00      1.00      1.00        39
        335       1.00      1.00      1.00        34
        336       1.00      1.00      1.00        32
        337       1.00      1.00      1.00        43
        338       1.00      1.00      1.00        27
        339       1.00      1.00      1.00        32
        340       1.00      1.00      1.00        35
        341       1.00      1.00      1.00        36
        342       1.00      1.00      1.00        27
        343       1.00      1.00      1.00        38
        344       1.00      1.00      1.00        43
        345       1.00      1.00      1.00        45
        346       1.00      1.00      1.00        45
        347       1.00      1.00      1.00        36
        348       1.00      1.00      1.00        32
        349       1.00      1.00      1.00        31
        350       1.00      1.00      1.00        36
        351       1.00      1.00      1.00        32
        352       1.00      1.00      1.00        33
        353       1.00      1.00      1.00        36
        354       1.00      1.00      1.00         8
        355       1.00      1.00      1.00        30
        356       1.00      1.00      1.00        41
        357       1.00      1.00      1.00        43
        358       1.00      1.00      1.00        35
        359       1.00      1.00      1.00        38
        360       1.00      0.97      0.98        29
        361       1.00      1.00      1.00        35
        362       1.00      1.00      1.00        43
        363       1.00      1.00      1.00        40
        364       1.00      1.00      1.00        34
        365       0.98      0.98      0.98        41
        366       1.00      1.00      1.00        36
        367       1.00      1.00      1.00        35
        368       1.00      0.94      0.97        36
        369       0.97      1.00      0.99        37
        370       1.00      1.00      1.00        27
        371       1.00      0.97      0.98        33
        372       1.00      0.95      0.98        22
        373       1.00      0.97      0.99        37
        374       1.00      1.00      1.00        39
        375       0.98      0.98      0.98        43
        376       0.98      1.00      0.99        43
        377       0.95      1.00      0.97        35
        378       1.00      1.00      1.00        39
        379       0.97      1.00      0.99        39
        380       0.97      1.00      0.99        33
        381       1.00      0.97      0.99        34
        382       0.97      0.93      0.95        30
        383       1.00      0.98      0.99        48
        384       0.97      0.97      0.97        29
        385       1.00      1.00      1.00        41
        386       0.97      0.97      0.97        40
        387       1.00      0.95      0.97        37
        388       1.00      1.00      1.00        31
        389       1.00      0.97      0.99        34
        390       1.00      0.97      0.98        30
        391       0.97      1.00      0.99        37
        392       1.00      1.00      1.00        35
        393       1.00      1.00      1.00        36
        394       1.00      1.00      1.00        35
        395       1.00      0.97      0.99        36
        396       1.00      0.97      0.98        33
        397       1.00      0.98      0.99        42
        398       1.00      1.00      1.00        34
        399       1.00      1.00      1.00        47
        400       1.00      1.00      1.00        35
        401       0.97      1.00      0.99        39
        402       0.97      1.00      0.99        37
        403       0.79      0.28      0.41        40
        404       0.88      1.00      0.94        36
        405       1.00      1.00      1.00        31
        406       1.00      1.00      1.00        37
        407       0.96      0.94      0.95        47
        408       1.00      0.98      0.99        43
        409       1.00      1.00      1.00        41
        410       1.00      1.00      1.00        28
        411       1.00      1.00      1.00        42
        412       0.92      0.97      0.94        34
        413       1.00      0.95      0.97        40
        414       1.00      1.00      1.00        25
        415       1.00      0.97      0.98        32
        416       1.00      0.98      0.99        46
        417       1.00      0.97      0.99        35
        418       1.00      0.97      0.99        34
        419       1.00      0.97      0.98        32
        420       1.00      0.97      0.98        29
        421       0.93      1.00      0.97        43
        422       0.95      1.00      0.97        35
        423       1.00      1.00      1.00        37
        424       1.00      1.00      1.00        25
        425       1.00      0.97      0.99        37
        426       1.00      1.00      1.00        31
        427       0.92      1.00      0.96        36
        428       0.93      1.00      0.97        28
        429       1.00      1.00      1.00        41
        430       1.00      1.00      1.00        30
        431       1.00      0.97      0.99        39
        432       1.00      1.00      1.00        29
        433       1.00      1.00      1.00        28
        434       1.00      1.00      1.00        34
        435       1.00      1.00      1.00        26
        436       1.00      1.00      1.00        30
        437       1.00      1.00      1.00        52
        438       1.00      1.00      1.00        30
        439       0.95      1.00      0.98        40
        440       1.00      1.00      1.00        30
        441       1.00      1.00      1.00        27
        442       1.00      1.00      1.00        35
        443       1.00      1.00      1.00        28
        444       1.00      1.00      1.00        32
        445       1.00      1.00      1.00         1
        446       1.00      1.00      1.00        35
        447       1.00      1.00      1.00        34
        448       1.00      1.00      1.00        35
        449       1.00      1.00      1.00        39
        450       1.00      1.00      1.00        36
        451       1.00      1.00      1.00        25
        452       1.00      1.00      1.00        25
        453       1.00      1.00      1.00        31
        454       1.00      1.00      1.00        35
        455       1.00      1.00      1.00        38
        457       1.00      1.00      1.00        38
        458       1.00      1.00      1.00        38
        459       1.00      1.00      1.00        36
        460       1.00      1.00      1.00        32
        461       1.00      1.00      1.00        32
        462       1.00      1.00      1.00        40
        463       1.00      1.00      1.00        30
        464       1.00      1.00      1.00        26
        465       1.00      1.00      1.00        34
        466       1.00      1.00      1.00        33
        467       1.00      1.00      1.00        16
        468       1.00      1.00      1.00         5
        469       1.00      1.00      1.00        34
        470       1.00      1.00      1.00        42
        471       1.00      1.00      1.00        30
        472       1.00      1.00      1.00        32
        473       1.00      1.00      1.00        29
        474       1.00      1.00      1.00        34
        475       1.00      1.00      1.00        27
        476       1.00      1.00      1.00        30
        477       1.00      1.00      1.00        36
        478       1.00      1.00      1.00        32
        479       1.00      1.00      1.00        27
        480       1.00      1.00      1.00        32
        481       1.00      1.00      1.00        32
        482       1.00      1.00      1.00        48
        483       1.00      1.00      1.00        31
        484       1.00      1.00      1.00        51
        485       1.00      1.00      1.00        28
        486       1.00      1.00      1.00        42
        487       1.00      1.00      1.00        37
        488       1.00      1.00      1.00        29
        489       1.00      1.00      1.00        36
        490       1.00      1.00      1.00        36
        491       1.00      1.00      1.00        38
        492       1.00      1.00      1.00        34
        493       1.00      1.00      1.00        31
        494       1.00      1.00      1.00        39
        495       1.00      1.00      1.00        37
        496       1.00      1.00      1.00        33
        497       1.00      1.00      1.00        41
        498       1.00      1.00      1.00        42
        499       1.00      1.00      1.00        46
        500       1.00      1.00      1.00        35
        501       1.00      1.00      1.00        35
        502       1.00      1.00      1.00        36
        503       1.00      1.00      1.00        32
        504       1.00      1.00      1.00         3
        505       1.00      1.00      1.00        37
        506       1.00      1.00      1.00        36
        507       1.00      1.00      1.00        36
        508       1.00      1.00      1.00        27
        509       1.00      1.00      1.00        28
        510       1.00      1.00      1.00        38
        511       1.00      1.00      1.00        29
        512       1.00      1.00      1.00        31
        513       1.00      1.00      1.00        37
        514       1.00      1.00      1.00        38
        515       1.00      1.00      1.00        38
        516       1.00      1.00      1.00        34
        517       1.00      1.00      1.00        30
        518       1.00      1.00      1.00        33
        519       1.00      1.00      1.00        35
        520       1.00      1.00      1.00        31
        521       1.00      1.00      1.00        36
        522       1.00      1.00      1.00        20
        523       1.00      1.00      1.00        33
        524       1.00      1.00      1.00        38
        525       1.00      1.00      1.00        32
        526       1.00      1.00      1.00        24
        527       1.00      1.00      1.00        32
        528       1.00      1.00      1.00        38
        529       1.00      1.00      1.00        38
        530       1.00      1.00      1.00        36
        531       1.00      1.00      1.00        18
        532       1.00      1.00      1.00        31
        533       1.00      1.00      1.00        30
        534       1.00      1.00      1.00        42
        535       1.00      1.00      1.00        40
        536       1.00      1.00      1.00        40
        537       1.00      1.00      1.00        15
        538       1.00      1.00      1.00        35
        539       1.00      1.00      1.00        36
        540       1.00      1.00      1.00        23
        541       1.00      1.00      1.00        35
        542       1.00      1.00      1.00        36
        543       1.00      1.00      1.00        34
        544       1.00      1.00      1.00        33
        545       1.00      1.00      1.00        39
        546       1.00      1.00      1.00        35
        547       0.53      1.00      0.69        37
        548       1.00      1.00      1.00        34
        549       1.00      1.00      1.00        47
        550       1.00      1.00      1.00        38
        551       1.00      1.00      1.00        28
        552       1.00      1.00      1.00        36
        553       1.00      1.00      1.00        36
        554       1.00      1.00      1.00        28
        555       1.00      1.00      1.00        32
        556       1.00      1.00      1.00        32
        557       1.00      1.00      1.00        33
        558       1.00      1.00      1.00        37
        559       1.00      1.00      1.00        40
        560       1.00      1.00      1.00        31
        561       1.00      1.00      1.00        41
        562       1.00      1.00      1.00        27
        563       1.00      1.00      1.00        28
        564       1.00      1.00      1.00        33
        566       1.00      1.00      1.00        38
        567       1.00      1.00      1.00        30
        568       1.00      1.00      1.00        30
        569       1.00      1.00      1.00        38
        570       1.00      1.00      1.00        15
        571       1.00      1.00      1.00        32
        572       1.00      1.00      1.00        35
        573       1.00      1.00      1.00        38
        574       1.00      1.00      1.00        36
        575       1.00      1.00      1.00        27
        576       1.00      1.00      1.00        31
        577       1.00      1.00      1.00        35
        578       1.00      1.00      1.00        29
        579       1.00      1.00      1.00        42
        580       1.00      1.00      1.00        38
        581       1.00      1.00      1.00         2
        582       1.00      1.00      1.00        39
        583       1.00      1.00      1.00         3
        584       1.00      1.00      1.00        29
        585       1.00      1.00      1.00        32
        586       1.00      1.00      1.00        39
        587       1.00      1.00      1.00        33
        588       1.00      1.00      1.00        35
        590       1.00      1.00      1.00        33
        591       1.00      1.00      1.00        42
        592       1.00      1.00      1.00        37
        593       1.00      1.00      1.00        36
        594       1.00      1.00      1.00        37
        595       1.00      1.00      1.00        27
        596       1.00      1.00      1.00        30
        597       1.00      1.00      1.00        37
        598       1.00      1.00      1.00        31
        599       1.00      1.00      1.00        31
        600       1.00      1.00      1.00        36
        601       1.00      1.00      1.00        40
        602       1.00      1.00      1.00        33
        603       1.00      1.00      1.00        33
        604       1.00      1.00      1.00        39
        605       1.00      1.00      1.00        32
        606       1.00      1.00      1.00        35
        607       1.00      1.00      1.00        32
        608       1.00      1.00      1.00        37
        609       1.00      1.00      1.00        37
        610       1.00      1.00      1.00        43
        611       1.00      1.00      1.00        21
        612       1.00      1.00      1.00        37
        613       1.00      1.00      1.00        31
        614       1.00      1.00      1.00        32
        615       1.00      1.00      1.00        27
        616       1.00      1.00      1.00        32
        617       1.00      1.00      1.00        33
        618       1.00      1.00      1.00        34
        619       1.00      1.00      1.00        39
        620       1.00      1.00      1.00        31
        621       1.00      1.00      1.00        35
        622       1.00      1.00      1.00        33
        623       1.00      1.00      1.00        41
        624       0.00      0.00      0.00         1
        625       1.00      1.00      1.00        35
        626       1.00      1.00      1.00        45
        627       1.00      1.00      1.00        38
        628       1.00      1.00      1.00        26
        629       1.00      1.00      1.00        36
        630       1.00      1.00      1.00        45
        631       1.00      1.00      1.00        39
        632       1.00      1.00      1.00        27
        633       1.00      1.00      1.00        38
        634       1.00      1.00      1.00        30
        635       1.00      1.00      1.00        34
        636       1.00      1.00      1.00        39
        637       1.00      1.00      1.00        38
        638       1.00      1.00      1.00        39
        639       1.00      1.00      1.00        40
        640       1.00      1.00      1.00        36
        641       1.00      1.00      1.00        40
        642       1.00      1.00      1.00        35
        643       1.00      1.00      1.00        36
        644       1.00      1.00      1.00        48
        645       1.00      1.00      1.00        32
        646       1.00      1.00      1.00        21
        647       1.00      1.00      1.00        36
        648       1.00      1.00      1.00        36
        649       1.00      1.00      1.00        26
        650       1.00      1.00      1.00        30
        651       1.00      1.00      1.00        31
        653       1.00      1.00      1.00        31
        654       1.00      1.00      1.00        36
        655       1.00      1.00      1.00        30
        656       1.00      1.00      1.00        38
        657       1.00      1.00      1.00        40
        658       1.00      1.00      1.00        36
        659       1.00      1.00      1.00        36
        660       1.00      1.00      1.00        30
        661       1.00      1.00      1.00        34
        662       1.00      1.00      1.00        41
        663       1.00      1.00      1.00        30
        664       1.00      1.00      1.00        35
        665       1.00      1.00      1.00        34
        666       1.00      1.00      1.00        33
        667       1.00      1.00      1.00        36
        668       1.00      1.00      1.00        41
        669       1.00      1.00      1.00        30
        670       1.00      1.00      1.00        29
        671       1.00      1.00      1.00        20
        672       1.00      1.00      1.00        36
        673       1.00      1.00      1.00        33
        674       1.00      1.00      1.00        43
        675       1.00      1.00      1.00        42
        676       1.00      1.00      1.00        21
        677       1.00      1.00      1.00         4
        678       1.00      1.00      1.00        42
        679       1.00      1.00      1.00        39
        680       1.00      1.00      1.00        35
        682       1.00      1.00      1.00        31
        683       1.00      1.00      1.00        24
        684       1.00      1.00      1.00        29
        685       1.00      1.00      1.00        38
        686       1.00      1.00      1.00        41
        687       1.00      1.00      1.00        30
        688       1.00      1.00      1.00        38
        689       1.00      1.00      1.00        33
        690       1.00      1.00      1.00        38
        691       1.00      1.00      1.00        36
        693       1.00      1.00      1.00        34
        694       1.00      1.00      1.00        44
        696       1.00      1.00      1.00        33
        697       1.00      1.00      1.00        36
        698       1.00      1.00      1.00        32
        699       1.00      1.00      1.00        33
        700       1.00      1.00      1.00        38
        701       1.00      1.00      1.00        31
        702       1.00      1.00      1.00        32
        703       1.00      1.00      1.00        32
        704       1.00      1.00      1.00        40
        705       1.00      1.00      1.00        41
        706       1.00      1.00      1.00        27
        707       1.00      1.00      1.00        38
        708       1.00      1.00      1.00        29
        709       1.00      1.00      1.00        31
        710       1.00      1.00      1.00        35
        711       1.00      1.00      1.00        47
        712       1.00      1.00      1.00        27
        714       1.00      1.00      1.00        28
        715       1.00      1.00      1.00        30
        716       1.00      1.00      1.00        37
        717       1.00      1.00      1.00        34
        718       1.00      1.00      1.00        37
        719       1.00      1.00      1.00        30
        720       1.00      1.00      1.00        45
        721       1.00      1.00      1.00        28
        722       1.00      1.00      1.00        32
        723       1.00      1.00      1.00        41
        724       1.00      1.00      1.00        39
        725       1.00      1.00      1.00        23
        726       1.00      1.00      1.00        26
        727       1.00      1.00      1.00        30
        728       1.00      1.00      1.00        28
        729       1.00      1.00      1.00        39
        730       1.00      1.00      1.00        39
        732       1.00      1.00      1.00        29
        733       1.00      1.00      1.00        32
        734       1.00      1.00      1.00         1
        735       1.00      1.00      1.00        34
        736       1.00      1.00      1.00        35
        737       1.00      1.00      1.00        38
        738       1.00      1.00      1.00        32
        739       1.00      1.00      1.00        34
        740       1.00      1.00      1.00        36
        741       1.00      1.00      1.00        29
        742       1.00      1.00      1.00        36
        743       1.00      1.00      1.00        42
        744       1.00      1.00      1.00        34
        745       1.00      1.00      1.00        39
        746       1.00      1.00      1.00        36
        747       1.00      1.00      1.00        37
        748       1.00      1.00      1.00        33
        749       1.00      1.00      1.00        42
        750       1.00      1.00      1.00        33
        751       1.00      1.00      1.00        30
        752       1.00      1.00      1.00        33
        753       1.00      1.00      1.00        34
        754       1.00      1.00      1.00        34
        755       1.00      1.00      1.00        36
        756       1.00      1.00      1.00        35
        757       1.00      1.00      1.00        29
        758       1.00      1.00      1.00         6
        759       1.00      1.00      1.00        41
        760       1.00      1.00      1.00        25
        761       1.00      1.00      1.00        34
        762       1.00      1.00      1.00        37
        763       1.00      1.00      1.00        29
        764       1.00      1.00      1.00        32
        765       1.00      1.00      1.00        36
        766       1.00      1.00      1.00        44
        767       1.00      1.00      1.00        37
        768       1.00      1.00      1.00        47
        769       1.00      1.00      1.00        33
        770       1.00      1.00      1.00        36
        771       1.00      1.00      1.00        28
        773       1.00      1.00      1.00        44
        774       1.00      1.00      1.00        34
        775       1.00      1.00      1.00        35
        776       1.00      1.00      1.00        31
        777       1.00      1.00      1.00        33
        778       1.00      1.00      1.00        32
        779       1.00      1.00      1.00        41
        780       1.00      1.00      1.00        32
        781       1.00      1.00      1.00        34
        782       1.00      1.00      1.00        31
        783       1.00      1.00      1.00        39
        784       1.00      1.00      1.00        38
        785       1.00      1.00      1.00        36
        786       1.00      1.00      1.00        35
        787       1.00      1.00      1.00        39
        788       1.00      1.00      1.00        35
        789       1.00      1.00      1.00        37
        790       1.00      1.00      1.00        43
        791       1.00      1.00      1.00        36
        792       1.00      1.00      1.00        40
        793       1.00      1.00      1.00        37
        794       1.00      1.00      1.00        40
        795       1.00      1.00      1.00        37
        796       1.00      1.00      1.00        33
        797       1.00      1.00      1.00        32
        798       1.00      1.00      1.00        36
        799       1.00      1.00      1.00        38
        800       1.00      1.00      1.00        39
        801       1.00      1.00      1.00        37
        803       1.00      1.00      1.00        36
        804       1.00      1.00      1.00        45
        806       1.00      1.00      1.00         4
        807       1.00      1.00      1.00        38
        808       1.00      1.00      1.00        40
        809       1.00      1.00      1.00        39
        810       1.00      1.00      1.00        22
        811       1.00      1.00      1.00        39
        812       1.00      1.00      1.00        31
        813       1.00      1.00      1.00        39
        814       1.00      1.00      1.00         3
        815       1.00      1.00      1.00        33
        816       1.00      1.00      1.00        38
        817       1.00      1.00      1.00        25
        818       1.00      1.00      1.00        35
        819       1.00      1.00      1.00        20
        820       1.00      1.00      1.00        35
        821       1.00      1.00      1.00        35
        822       1.00      1.00      1.00        36
        823       1.00      0.97      0.98        29
        824       1.00      1.00      1.00        39
        825       1.00      1.00      1.00        37
        826       1.00      1.00      1.00        34
        827       1.00      1.00      1.00        29
        828       1.00      1.00      1.00        39
        829       1.00      1.00      1.00        38
        830       1.00      1.00      1.00        34
        831       1.00      1.00      1.00        40
        832       1.00      1.00      1.00        37
        833       1.00      1.00      1.00        34
        834       1.00      1.00      1.00        44
        835       1.00      1.00      1.00        31
        836       1.00      1.00      1.00        32
        837       1.00      1.00      1.00        43
        838       1.00      1.00      1.00        38
        839       1.00      1.00      1.00        44
        840       1.00      1.00      1.00        36
        841       1.00      1.00      1.00        38
        842       1.00      1.00      1.00        32
        843       1.00      1.00      1.00        40
        844       1.00      1.00      1.00        33
        845       1.00      1.00      1.00        35
        846       1.00      1.00      1.00        36
        847       1.00      1.00      1.00        44
        848       1.00      1.00      1.00        26
        849       1.00      1.00      1.00        36
        850       1.00      1.00      1.00        34
        851       1.00      1.00      1.00        36
        852       1.00      1.00      1.00        45
        853       1.00      1.00      1.00        29
        854       1.00      1.00      1.00        35
        855       1.00      1.00      1.00        33
        856       1.00      1.00      1.00        36
        857       1.00      1.00      1.00        16
        858       1.00      1.00      1.00        34
        859       1.00      1.00      1.00        39
        860       1.00      1.00      1.00        41
        861       1.00      1.00      1.00        30
        862       1.00      1.00      1.00        32
        863       1.00      1.00      1.00        36
        864       1.00      1.00      1.00        39
        865       1.00      1.00      1.00        34
        866       1.00      1.00      1.00        40
        867       1.00      1.00      1.00        28
        868       1.00      1.00      1.00        39
        869       1.00      1.00      1.00        35
        870       1.00      1.00      1.00        30
        871       1.00      1.00      1.00        35
        872       1.00      1.00      1.00        35
        873       1.00      1.00      1.00        39
        874       1.00      1.00      1.00        36
        875       1.00      1.00      1.00        34
        876       1.00      1.00      1.00        33
        877       1.00      1.00      1.00        33
        878       1.00      1.00      1.00        37
        879       1.00      1.00      1.00        34
        880       1.00      1.00      1.00        39
        882       1.00      1.00      1.00        36
        883       1.00      1.00      1.00        41
        884       1.00      1.00      1.00        31
        885       1.00      1.00      1.00        40
        886       1.00      1.00      1.00        44
        887       1.00      1.00      1.00        44
        888       1.00      1.00      1.00        28
        889       1.00      1.00      1.00        30
        891       1.00      1.00      1.00        40
        892       1.00      1.00      1.00        45
        893       1.00      1.00      1.00        32
        894       1.00      1.00      1.00        28
        895       1.00      1.00      1.00        36
        896       1.00      1.00      1.00        36
        897       1.00      1.00      1.00        30
        898       1.00      1.00      1.00        34
        899       1.00      1.00      1.00        40
        900       1.00      1.00      1.00        32
        901       1.00      1.00      1.00        36
        902       1.00      1.00      1.00        37
        903       1.00      1.00      1.00        35
        904       1.00      1.00      1.00        45
        905       1.00      1.00      1.00        37
        906       1.00      1.00      1.00        28
        907       1.00      0.98      0.99        41
        908       1.00      1.00      1.00        44
        909       1.00      1.00      1.00        39
        910       1.00      1.00      1.00        35
        911       1.00      1.00      1.00        40
        912       1.00      1.00      1.00        32
        913       1.00      1.00      1.00         2
        915       1.00      1.00      1.00        39
        916       1.00      1.00      1.00        31
        917       1.00      1.00      1.00        48
        918       1.00      1.00      1.00        34
        919       1.00      1.00      1.00        33
        920       1.00      1.00      1.00        26
        921       1.00      1.00      1.00        26
        922       1.00      1.00      1.00        34
        923       1.00      1.00      1.00        37
        924       1.00      1.00      1.00        43
        925       1.00      1.00      1.00        35
        926       1.00      1.00      1.00        38
        927       1.00      1.00      1.00        28
        928       1.00      1.00      1.00        27
        929       1.00      1.00      1.00        42
        930       1.00      1.00      1.00        10
        931       1.00      1.00      1.00        33
        932       1.00      1.00      1.00        36
        933       1.00      1.00      1.00        39
        934       1.00      1.00      1.00        41
        935       1.00      1.00      1.00        38
        936       1.00      1.00      1.00        46
        937       1.00      1.00      1.00        30
        938       1.00      1.00      1.00        32
        939       1.00      1.00      1.00        39
        940       1.00      1.00      1.00        37
        941       1.00      1.00      1.00        41
        942       1.00      1.00      1.00        34
        943       1.00      1.00      1.00        41
        944       1.00      1.00      1.00        34
        945       1.00      1.00      1.00        38
        946       1.00      1.00      1.00        36
        947       1.00      1.00      1.00        28
        948       1.00      1.00      1.00        40
        949       1.00      1.00      1.00        31
        950       1.00      1.00      1.00        38
        951       1.00      1.00      1.00        35
        952       1.00      1.00      1.00        35
        953       1.00      1.00      1.00        35
        955       1.00      1.00      1.00        30
        956       1.00      1.00      1.00        34
        957       1.00      1.00      1.00        37
        958       1.00      1.00      1.00        42
        959       1.00      1.00      1.00        43
        960       1.00      1.00      1.00        29
        961       1.00      1.00      1.00        36
        962       1.00      1.00      1.00        35
        963       1.00      1.00      1.00        30
        964       1.00      1.00      1.00         7
        965       1.00      1.00      1.00        38
        966       1.00      1.00      1.00        22
        967       1.00      1.00      1.00        35
        968       1.00      1.00      1.00        32
        969       1.00      1.00      1.00        32
        970       1.00      1.00      1.00        34
        971       1.00      0.85      0.92        40
        972       0.84      1.00      0.91        32
        973       1.00      1.00      1.00        30
        974       1.00      1.00      1.00        39
        975       1.00      1.00      1.00        44
        976       1.00      1.00      1.00        25
        977       1.00      1.00      1.00         1
        978       1.00      1.00      1.00        36
        979       1.00      1.00      1.00        43
        980       1.00      1.00      1.00        36
        981       1.00      1.00      1.00        33
        982       1.00      1.00      1.00        12
        984       1.00      1.00      1.00        34
        986       1.00      1.00      1.00        38
        987       1.00      1.00      1.00        36
        988       1.00      1.00      1.00        30
        989       1.00      1.00      1.00        34
        990       1.00      1.00      1.00        39
        991       1.00      1.00      1.00        36
        992       1.00      1.00      1.00        40
        993       1.00      1.00      1.00        34
        994       1.00      1.00      1.00        34
        995       1.00      1.00      1.00        34
        996       1.00      1.00      1.00        40
        998       1.00      1.00      1.00        37

avg / total       1.00      1.00      1.00     32587

Accuracy:  0.997330223709


