/usr/local/Cellar/python3/3.6.1/Frameworks/Python.framework/Versions/3.6/bin/
             precision    recall  f1-score   support

          0       1.00      0.93      0.96        28
          1       1.00      0.97      0.98        33
         10       1.00      0.35      0.52        37
        100       1.00      0.98      0.99        44
        101       1.00      0.78      0.87        40
        102       0.01      1.00      0.01        23
        103       1.00      1.00      1.00        29
        104       1.00      1.00      1.00        33
        105       1.00      0.95      0.97        40
        106       1.00      0.85      0.92        41
        107       1.00      0.97      0.98        33
        108       1.00      1.00      1.00        36
        109       1.00      1.00      1.00        34
         11       1.00      0.88      0.94        34
        110       1.00      1.00      1.00        27
        111       1.00      1.00      1.00        38
        112       1.00      1.00      1.00        28
        113       1.00      0.97      0.98        32
        114       1.00      0.97      0.99        36
        115       1.00      1.00      1.00        35
        116       1.00      1.00      1.00        36
        117       1.00      1.00      1.00        36
        118       1.00      0.97      0.98        29
        119       1.00      0.97      0.99        40
         12       1.00      0.10      0.18        41
        120       1.00      1.00      1.00        34
        121       1.00      1.00      1.00        26
        122       1.00      1.00      1.00        25
        123       1.00      1.00      1.00        34
        124       0.00      0.00      0.00        34
        125       1.00      0.94      0.97        36
        126       1.00      1.00      1.00        35
        127       1.00      0.97      0.99        37
        128       1.00      1.00      1.00        38
        129       1.00      1.00      1.00        29
         13       1.00      1.00      1.00        45
        130       1.00      0.97      0.99        39
        131       1.00      0.97      0.99        34
        132       1.00      1.00      1.00        38
        133       1.00      1.00      1.00        34
        134       1.00      0.98      0.99        42
        135       1.00      0.96      0.98        26
        136       0.94      0.94      0.94        35
        137       1.00      0.97      0.99        37
        138       1.00      1.00      1.00        26
        139       0.95      0.95      0.95        38
         14       1.00      1.00      1.00        41
        140       0.97      0.97      0.97        34
        141       1.00      0.92      0.96        37
        142       1.00      0.97      0.98        32
        143       1.00      0.97      0.99        38
        144       1.00      1.00      1.00        46
        145       1.00      0.97      0.99        34
        146       1.00      0.97      0.99        39
        147       1.00      1.00      1.00        40
        148       1.00      1.00      1.00        36
        149       1.00      0.98      0.99        43
         15       1.00      0.97      0.99        36
        150       0.00      0.00      0.00        34
        151       1.00      1.00      1.00        29
        152       1.00      0.95      0.97        38
        153       1.00      1.00      1.00        26
        154       1.00      1.00      1.00        32
        155       1.00      1.00      1.00        29
        156       1.00      1.00      1.00        39
        157       1.00      0.05      0.10        39
        158       1.00      1.00      1.00        28
        159       1.00      0.75      0.86        24
         16       1.00      1.00      1.00        35
        160       0.98      0.98      0.98        42
        161       1.00      1.00      1.00        32
        162       1.00      0.95      0.97        38
        163       1.00      0.95      0.97        40
        164       1.00      0.97      0.99        39
        165       1.00      1.00      1.00        38
        166       1.00      1.00      1.00        31
        167       1.00      0.86      0.92        28
        168       1.00      0.95      0.97        39
        169       0.00      0.00      0.00        43
         17       1.00      0.18      0.31        33
        170       1.00      1.00      1.00        37
        171       1.00      1.00      1.00        36
        172       1.00      0.97      0.99        34
        173       1.00      0.82      0.90        40
        174       1.00      0.78      0.88        37
        175       1.00      1.00      1.00        38
        176       1.00      0.77      0.87        31
        177       1.00      0.75      0.86        40
        178       1.00      1.00      1.00        36
        179       1.00      1.00      1.00        32
         18       1.00      0.97      0.99        36
        180       1.00      1.00      1.00        32
        181       1.00      0.30      0.47        33
        182       1.00      0.94      0.97        31
        183       1.00      0.97      0.98        32
        184       1.00      0.97      0.99        36
        185       1.00      0.98      0.99        45
        186       1.00      1.00      1.00        35
        187       1.00      1.00      1.00        40
        188       1.00      1.00      1.00        42
        189       1.00      1.00      1.00        28
         19       1.00      0.30      0.46        27
        190       0.00      0.00      0.00        35
        191       1.00      0.97      0.98        32
        192       1.00      0.41      0.58        34
        193       1.00      1.00      1.00        33
        194       1.00      0.89      0.94        37
        195       1.00      0.97      0.99        37
        196       1.00      0.22      0.36        36
        197       0.75      0.07      0.13        43
        198       1.00      0.98      0.99        43
        199       1.00      0.97      0.99        34
          2       1.00      1.00      1.00        25
         20       1.00      0.15      0.26        40
        200       1.00      0.94      0.97        32
        201       1.00      0.97      0.99        40
        202       1.00      1.00      1.00        35
        203       1.00      0.97      0.99        37
        204       1.00      0.97      0.98        31
        205       1.00      1.00      1.00        31
        206       1.00      1.00      1.00        34
        207       1.00      1.00      1.00        37
        208       0.98      0.96      0.97        49
        209       1.00      1.00      1.00        27
         21       1.00      0.06      0.11        33
        210       1.00      1.00      1.00        37
        211       0.00      0.00      0.00        44
        212       1.00      0.71      0.83        31
        213       1.00      1.00      1.00        38
        214       1.00      1.00      1.00        33
        215       1.00      0.97      0.99        34
        216       1.00      0.26      0.41        35
        217       1.00      0.94      0.97        34
        218       1.00      1.00      1.00        26
        219       1.00      0.95      0.97        38
         22       1.00      1.00      1.00        42
        220       1.00      1.00      1.00        29
        221       1.00      0.95      0.97        39
        222       1.00      0.97      0.99        38
        223       1.00      0.98      0.99        42
        224       1.00      0.63      0.77        35
        225       1.00      0.91      0.95        33
        226       1.00      1.00      1.00        30
        227       1.00      0.97      0.99        40
        228       0.00      0.00      0.00        33
        229       1.00      1.00      1.00        33
         23       1.00      1.00      1.00        39
        230       1.00      0.93      0.97        30
        231       1.00      0.98      0.99        41
        232       1.00      1.00      1.00        35
        233       1.00      0.96      0.98        28
        234       1.00      1.00      1.00        40
        235       1.00      0.97      0.99        38
        236       1.00      1.00      1.00        35
        237       1.00      0.97      0.98        33
        238       1.00      0.95      0.98        44
        239       1.00      0.98      0.99        41
         24       1.00      1.00      1.00        38
        240       1.00      0.92      0.96        39
        241       1.00      1.00      1.00        34
        242       0.98      0.98      0.98        42
        243       1.00      0.97      0.99        36
        244       1.00      1.00      1.00        29
        245       1.00      1.00      1.00        34
        246       1.00      1.00      1.00        29
        247       1.00      0.97      0.99        34
        248       1.00      0.97      0.98        30
        249       1.00      0.55      0.71        38
         25       0.00      0.00      0.00        37
        250       1.00      0.98      0.99        41
        251       0.00      0.00      0.00        37
        252       1.00      0.97      0.99        39
        253       1.00      0.97      0.98        32
        254       1.00      0.98      0.99        41
        255       1.00      1.00      1.00        33
        256       1.00      1.00      1.00        35
        257       0.00      0.00      0.00        45
        258       1.00      0.97      0.99        38
        259       1.00      0.93      0.96        40
         26       1.00      0.97      0.99        38
        260       1.00      1.00      1.00        36
        261       1.00      1.00      1.00        39
        262       1.00      1.00      1.00        39
        263       1.00      0.97      0.99        34
        264       1.00      0.90      0.95        42
        265       0.97      1.00      0.99        38
        266       1.00      1.00      1.00        34
        267       1.00      1.00      1.00        25
        268       1.00      1.00      1.00        31
        269       1.00      0.98      0.99        41
         27       1.00      1.00      1.00        34
        270       1.00      1.00      1.00        37
        271       1.00      1.00      1.00        38
        272       1.00      1.00      1.00        39
        273       1.00      1.00      1.00        40
        274       1.00      1.00      1.00        43
        275       1.00      1.00      1.00        31
        276       1.00      0.81      0.90        32
        277       1.00      1.00      1.00        32
        278       1.00      1.00      1.00        37
        279       1.00      1.00      1.00        39
         28       1.00      1.00      1.00        38
        280       1.00      0.05      0.10        38
        281       1.00      0.97      0.99        37
        282       1.00      1.00      1.00        40
        283       1.00      1.00      1.00        37
        284       1.00      1.00      1.00        37
        285       1.00      0.28      0.44        32
        286       1.00      0.97      0.99        36
        287       1.00      0.98      0.99        45
        288       1.00      1.00      1.00        37
        289       1.00      0.97      0.99        36
         29       0.00      0.00      0.00        34
        290       1.00      0.97      0.99        38
        291       1.00      1.00      1.00        34
        292       1.00      0.97      0.99        37
        293       1.00      0.98      0.99        42
        294       1.00      0.97      0.98        32
        295       1.00      1.00      1.00        33
        296       1.00      0.92      0.96        37
        297       1.00      1.00      1.00        34
        298       0.53      0.42      0.47        38
        299       1.00      1.00      1.00        36
          3       1.00      0.94      0.97        36
         30       1.00      1.00      1.00        38
        300       1.00      1.00      1.00        29
        301       0.00      0.00      0.00        35
        302       0.55      0.67      0.60        39
        303       0.97      1.00      0.98        30
        304       1.00      1.00      1.00        34
        305       1.00      0.98      0.99        47
        306       1.00      0.97      0.99        34
        307       1.00      0.98      0.99        49
        308       1.00      0.97      0.99        39
        309       1.00      1.00      1.00        31
         31       1.00      1.00      1.00        44
        310       1.00      1.00      1.00        40
        311       1.00      1.00      1.00        35
        312       1.00      1.00      1.00        31
        313       1.00      0.97      0.98        30
        314       1.00      0.97      0.99        38
        315       1.00      0.94      0.97        33
        316       1.00      0.94      0.97        34
        317       1.00      1.00      1.00        40
        318       1.00      0.93      0.96        43
        319       1.00      1.00      1.00        37
         32       1.00      0.95      0.97        41
        320       1.00      1.00      1.00        31
        321       1.00      0.97      0.98        30
        322       1.00      1.00      1.00        46
        323       1.00      1.00      1.00        40
        324       1.00      1.00      1.00        41
        325       1.00      1.00      1.00        23
        326       0.98      1.00      0.99        47
        327       1.00      1.00      1.00        30
        328       1.00      0.97      0.99        39
        329       1.00      1.00      1.00        36
         33       1.00      1.00      1.00        35
        330       1.00      1.00      1.00        33
        331       1.00      1.00      1.00        30
        332       1.00      1.00      1.00        31
        333       1.00      1.00      1.00        30
        334       0.98      0.98      0.98        41
        335       1.00      1.00      1.00        36
        336       0.95      0.98      0.97        43
        337       1.00      0.97      0.99        40
        338       1.00      1.00      1.00        34
        339       1.00      0.98      0.99        43
         34       0.97      0.97      0.97        34
        340       1.00      0.92      0.96        37
        341       1.00      1.00      1.00        34
        342       1.00      1.00      1.00        30
        343       1.00      1.00      1.00        32
        344       1.00      0.97      0.99        39
        345       1.00      1.00      1.00        40
        346       1.00      1.00      1.00        35
        347       1.00      1.00      1.00        34
        348       1.00      0.97      0.99        35
        349       1.00      0.97      0.99        35
         35       1.00      0.98      0.99        41
        350       1.00      1.00      1.00        36
        351       1.00      1.00      1.00        32
        352       1.00      1.00      1.00        40
        353       1.00      1.00      1.00        35
        354       1.00      0.29      0.45        38
        355       1.00      1.00      1.00        38
        356       1.00      1.00      1.00        28
        357       0.97      0.97      0.97        30
        358       1.00      1.00      1.00        46
        359       1.00      1.00      1.00        33
         36       1.00      1.00      1.00        26
        360       1.00      1.00      1.00        42
        361       1.00      1.00      1.00        36
        362       1.00      1.00      1.00        32
        363       0.97      1.00      0.99        36
        364       1.00      0.98      0.99        43
        365       1.00      1.00      1.00        43
        366       1.00      1.00      1.00        38
        367       1.00      0.98      0.99        44
        368       1.00      1.00      1.00        41
        369       0.98      1.00      0.99        41
         37       1.00      1.00      1.00        27
        370       1.00      0.98      0.99        41
        371       1.00      0.97      0.98        33
        372       1.00      1.00      1.00        36
        373       1.00      0.97      0.99        38
        374       1.00      1.00      1.00        39
        375       0.90      1.00      0.95        27
        376       0.97      1.00      0.99        38
        377       0.98      1.00      0.99        43
        378       1.00      0.97      0.98        29
        379       1.00      1.00      1.00        38
         38       1.00      0.97      0.99        39
        380       0.94      1.00      0.97        31
        381       0.95      0.93      0.94        40
        382       0.97      1.00      0.99        39
        383       1.00      1.00      1.00        38
        384       0.97      0.95      0.96        40
        385       1.00      1.00      1.00        31
        386       0.97      1.00      0.98        31
        387       1.00      0.94      0.97        36
        388       1.00      0.97      0.99        37
        389       1.00      0.90      0.95        31
         39       1.00      1.00      1.00        42
        390       1.00      1.00      1.00        41
        391       0.95      1.00      0.97        39
        392       1.00      0.98      0.99        43
        393       1.00      1.00      1.00        39
        394       1.00      0.97      0.98        29
        395       1.00      1.00      1.00        42
        396       1.00      1.00      1.00        31
        397       1.00      0.94      0.97        36
        398       1.00      1.00      1.00        41
        399       1.00      1.00      1.00        32
          4       1.00      0.95      0.97        39
         40       1.00      1.00      1.00        31
        400       0.92      0.97      0.94        34
        401       0.97      1.00      0.98        30
        402       1.00      1.00      1.00        30
        403       0.64      0.20      0.30        35
        404       0.85      0.97      0.91        36
        405       1.00      1.00      1.00        36
        406       0.97      0.97      0.97        35
        407       0.93      0.96      0.95        28
        408       1.00      1.00      1.00        40
        409       1.00      1.00      1.00        35
         41       1.00      0.98      0.99        42
        410       1.00      1.00      1.00        39
        411       1.00      0.97      0.98        32
        412       0.94      0.91      0.93        34
        413       1.00      0.97      0.98        32
        414       1.00      0.97      0.98        32
        415       0.97      0.97      0.97        33
        416       0.98      0.98      0.98        45
        417       1.00      0.94      0.97        33
        418       1.00      1.00      1.00        36
        419       1.00      1.00      1.00        34
         42       1.00      0.97      0.99        38
        420       1.00      0.98      0.99        41
        421       0.97      0.97      0.97        31
        422       0.97      0.97      0.97        32
        423       1.00      1.00      1.00        33
        424       1.00      0.94      0.97        34
        425       0.92      1.00      0.96        36
        426       1.00      1.00      1.00        44
        427       0.97      1.00      0.99        36
        428       0.94      1.00      0.97        31
        429       1.00      0.97      0.98        29
         43       1.00      0.52      0.68        31
        430       1.00      1.00      1.00        29
        431       0.96      0.93      0.95        29
        432       1.00      1.00      1.00        38
        433       1.00      0.97      0.99        35
        434       1.00      0.97      0.99        37
        435       1.00      1.00      1.00        30
        436       1.00      1.00      1.00        24
        437       1.00      0.97      0.98        29
        438       1.00      1.00      1.00        39
        439       0.92      0.97      0.95        37
         44       1.00      1.00      1.00        32
        440       1.00      0.95      0.97        39
        441       1.00      1.00      1.00        32
        442       1.00      1.00      1.00        41
        443       1.00      0.97      0.99        34
        444       1.00      0.96      0.98        27
        445       0.00      0.00      0.00        39
        446       1.00      0.97      0.98        33
        447       1.00      1.00      1.00        35
        448       1.00      0.97      0.99        40
        449       1.00      0.97      0.99        35
         45       1.00      1.00      1.00        35
        450       1.00      1.00      1.00        35
        451       1.00      0.97      0.99        38
        452       1.00      1.00      1.00        37
        453       1.00      1.00      1.00        28
        454       1.00      1.00      1.00        36
        455       0.98      0.95      0.96        43
        456       0.00      0.00      0.00        36
        457       1.00      1.00      1.00        37
        458       0.98      0.91      0.94        45
        459       1.00      0.98      0.99        44
         46       1.00      1.00      1.00        39
        460       1.00      1.00      1.00        29
        461       1.00      1.00      1.00        36
        462       1.00      1.00      1.00        29
        463       1.00      0.97      0.98        31
        464       1.00      0.97      0.99        34
        465       1.00      1.00      1.00        34
        466       1.00      0.97      0.98        30
        467       1.00      0.29      0.45        38
        468       1.00      0.06      0.11        36
        469       1.00      1.00      1.00        39
         47       0.97      0.97      0.97        35
        470       1.00      1.00      1.00        40
        471       1.00      1.00      1.00        23
        472       1.00      0.98      0.99        42
        473       1.00      1.00      1.00        34
        474       1.00      1.00      1.00        34
        475       1.00      0.95      0.97        38
        476       1.00      0.95      0.97        37
        477       1.00      0.90      0.95        30
        478       1.00      1.00      1.00        43
        479       1.00      1.00      1.00        37
         48       0.00      0.00      0.00        43
        480       1.00      1.00      1.00        39
        481       1.00      1.00      1.00        32
        482       1.00      1.00      1.00        33
        483       0.98      1.00      0.99        40
        484       1.00      1.00      1.00        36
        485       1.00      1.00      1.00        31
        486       1.00      0.97      0.99        38
        487       1.00      0.98      0.99        41
        488       1.00      0.97      0.99        40
        489       1.00      1.00      1.00        36
         49       1.00      0.97      0.98        30
        490       1.00      0.97      0.99        34
        491       1.00      1.00      1.00        39
        492       1.00      1.00      1.00        32
        493       1.00      1.00      1.00        31
        494       1.00      0.96      0.98        45
        495       1.00      1.00      1.00        33
        496       1.00      1.00      1.00        46
        497       1.00      0.95      0.97        40
        498       1.00      1.00      1.00        33
        499       1.00      1.00      1.00        37
          5       1.00      0.94      0.97        33
         50       1.00      1.00      1.00        35
        500       1.00      0.95      0.97        40
        501       1.00      1.00      1.00        27
        502       1.00      1.00      1.00        36
        503       1.00      0.95      0.97        37
        504       0.00      0.00      0.00        47
        505       1.00      1.00      1.00        37
        506       1.00      0.83      0.91        29
        507       0.97      0.95      0.96        41
        508       1.00      0.88      0.94        34
        509       1.00      1.00      1.00        40
         51       1.00      0.12      0.21        26
        510       1.00      1.00      1.00        46
        511       1.00      1.00      1.00        36
        512       1.00      0.97      0.98        32
        513       1.00      1.00      1.00        32
        514       1.00      1.00      1.00        31
        515       1.00      0.97      0.99        34
        516       1.00      0.92      0.96        25
        517       1.00      0.94      0.97        34
        518       1.00      0.94      0.97        36
        519       1.00      0.96      0.98        24
         52       1.00      0.97      0.99        38
        520       1.00      0.95      0.97        39
        521       1.00      1.00      1.00        29
        522       1.00      0.76      0.86        37
        523       1.00      1.00      1.00        38
        524       1.00      1.00      1.00        36
        525       1.00      0.97      0.99        38
        526       1.00      0.82      0.90        38
        527       1.00      1.00      1.00        39
        528       1.00      1.00      1.00        31
        529       1.00      1.00      1.00        37
         53       1.00      0.48      0.65        33
        530       1.00      1.00      1.00        30
        531       1.00      0.59      0.75        37
        532       1.00      1.00      1.00        35
        533       1.00      1.00      1.00        42
        534       1.00      1.00      1.00        41
        535       1.00      0.97      0.99        38
        536       1.00      0.97      0.99        35
        537       1.00      0.31      0.48        35
        538       1.00      0.97      0.99        38
        539       1.00      1.00      1.00        37
         54       1.00      0.94      0.97        35
        540       1.00      1.00      1.00        27
        541       0.98      1.00      0.99        41
        542       1.00      0.97      0.99        38
        543       1.00      1.00      1.00        35
        544       1.00      1.00      1.00        32
        545       1.00      1.00      1.00        37
        546       1.00      1.00      1.00        42
        547       1.00      0.03      0.05        36
        548       1.00      0.93      0.96        43
        549       1.00      1.00      1.00        33
         55       1.00      0.94      0.97        33
        550       1.00      0.97      0.99        40
        551       1.00      0.95      0.97        39
        552       1.00      1.00      1.00        37
        553       1.00      0.97      0.98        33
        554       1.00      1.00      1.00        39
        555       1.00      0.97      0.99        34
        556       1.00      0.97      0.99        35
        557       1.00      1.00      1.00        40
        558       1.00      0.97      0.98        31
        559       1.00      1.00      1.00        28
         56       1.00      1.00      1.00        38
        560       1.00      0.97      0.98        31
        561       1.00      0.97      0.98        33
        562       0.96      0.96      0.96        27
        563       1.00      0.94      0.97        36
        564       1.00      1.00      1.00        42
        565       0.00      0.00      0.00        37
        566       1.00      1.00      1.00        37
        567       1.00      0.97      0.99        36
        568       0.94      0.94      0.94        33
        569       0.97      0.94      0.96        36
         57       1.00      0.97      0.99        40
        570       1.00      0.62      0.77        37
        571       1.00      0.97      0.99        39
        572       0.97      0.97      0.97        37
        573       1.00      0.94      0.97        31
        574       1.00      0.97      0.98        31
        575       1.00      1.00      1.00        39
        576       1.00      1.00      1.00        37
        577       1.00      0.97      0.98        29
        578       1.00      1.00      1.00        26
        579       1.00      1.00      1.00        34
         58       1.00      0.94      0.97        31
        580       1.00      1.00      1.00        38
        581       0.00      0.00      0.00        33
        582       1.00      0.97      0.99        40
        583       1.00      0.10      0.18        30
        584       1.00      1.00      1.00        39
        585       1.00      1.00      1.00        29
        586       1.00      0.97      0.99        37
        587       1.00      1.00      1.00        35
        588       1.00      1.00      1.00        39
        589       0.00      0.00      0.00        31
         59       1.00      0.19      0.31        43
        590       1.00      1.00      1.00        35
        591       0.98      0.98      0.98        41
        592       0.97      0.97      0.97        30
        593       1.00      1.00      1.00        36
        594       1.00      1.00      1.00        40
        595       1.00      0.97      0.98        31
        596       1.00      0.98      0.99        42
        597       1.00      0.97      0.99        34
        598       1.00      1.00      1.00        40
        599       1.00      1.00      1.00        30
          6       1.00      0.03      0.05        38
         60       1.00      0.97      0.99        36
        600       1.00      1.00      1.00        29
        601       1.00      1.00      1.00        41
        602       1.00      0.97      0.99        36
        603       1.00      0.98      0.99        42
        604       0.94      1.00      0.97        33
        605       0.97      1.00      0.99        34
        606       1.00      0.89      0.94        37
        607       1.00      1.00      1.00        32
        608       1.00      0.97      0.99        35
        609       1.00      1.00      1.00        42
         61       1.00      1.00      1.00        31
        610       1.00      1.00      1.00        37
        611       1.00      1.00      1.00        33
        612       1.00      0.98      0.99        41
        613       1.00      0.97      0.98        32
        614       1.00      1.00      1.00        37
        615       1.00      0.94      0.97        35
        616       0.97      1.00      0.99        36
        617       1.00      0.96      0.98        47
        618       1.00      1.00      1.00        30
        619       1.00      0.97      0.98        31
         62       1.00      1.00      1.00        40
        620       1.00      0.97      0.98        30
        621       1.00      0.97      0.99        35
        622       1.00      1.00      1.00        33
        623       1.00      0.96      0.98        26
        624       0.00      0.00      0.00        38
        625       1.00      0.97      0.99        35
        626       1.00      1.00      1.00        30
        627       1.00      0.97      0.98        33
        628       1.00      0.95      0.98        43
        629       1.00      1.00      1.00        33
         63       1.00      1.00      1.00        40
        630       0.97      1.00      0.99        33
        631       1.00      0.98      0.99        51
        632       1.00      1.00      1.00        40
        633       0.97      0.95      0.96        39
        634       1.00      1.00      1.00        25
        635       1.00      0.94      0.97        32
        636       1.00      0.95      0.98        42
        637       1.00      1.00      1.00        39
        638       1.00      1.00      1.00        42
        639       1.00      0.97      0.98        32
         64       1.00      1.00      1.00        38
        640       1.00      1.00      1.00        39
        641       1.00      0.94      0.97        35
        642       1.00      1.00      1.00        27
        643       1.00      1.00      1.00        43
        644       1.00      0.98      0.99        42
        645       1.00      1.00      1.00        35
        646       1.00      0.95      0.97        39
        647       1.00      0.98      0.99        42
        648       1.00      0.97      0.99        34
        649       1.00      1.00      1.00        30
         65       1.00      1.00      1.00        37
        650       1.00      0.97      0.99        37
        651       1.00      1.00      1.00        40
        652       0.00      0.00      0.00        38
        653       1.00      1.00      1.00        38
        654       1.00      1.00      1.00        35
        655       1.00      1.00      1.00        34
        656       1.00      1.00      1.00        36
        657       1.00      1.00      1.00        41
        658       1.00      1.00      1.00        40
        659       1.00      1.00      1.00        24
         66       1.00      0.97      0.99        39
        660       1.00      0.97      0.98        30
        661       1.00      1.00      1.00        34
        662       1.00      0.97      0.99        34
        663       1.00      0.97      0.99        35
        664       1.00      1.00      1.00        37
        665       1.00      1.00      1.00        26
        666       1.00      0.93      0.96        41
        667       1.00      1.00      1.00        39
        668       1.00      1.00      1.00        36
        669       1.00      1.00      1.00        25
         67       1.00      1.00      1.00        39
        670       1.00      1.00      1.00        40
        671       1.00      0.38      0.55        34
        672       1.00      1.00      1.00        29
        673       1.00      1.00      1.00        33
        674       1.00      0.98      0.99        42
        675       1.00      1.00      1.00        34
        676       1.00      1.00      1.00        31
        677       1.00      0.10      0.18        40
        678       1.00      1.00      1.00        34
        679       1.00      1.00      1.00        35
         68       1.00      0.95      0.97        40
        680       1.00      1.00      1.00        36
        681       0.00      0.00      0.00        41
        682       1.00      1.00      1.00        35
        683       1.00      0.98      0.99        41
        684       1.00      1.00      1.00        36
        685       1.00      1.00      1.00        31
        686       0.97      1.00      0.99        33
        687       1.00      0.95      0.98        43
        688       1.00      0.97      0.99        37
        689       1.00      0.90      0.95        29
         69       1.00      0.97      0.99        39
        690       1.00      1.00      1.00        40
        691       1.00      0.97      0.99        34
        692       0.00      0.00      0.00        36
        693       1.00      0.97      0.98        32
        694       1.00      0.97      0.99        37
        695       0.00      0.00      0.00        34
        696       1.00      1.00      1.00        37
        697       1.00      1.00      1.00        34
        698       1.00      0.91      0.95        33
        699       1.00      1.00      1.00        32
          7       1.00      0.41      0.58        37
         70       1.00      0.97      0.98        30
        700       1.00      0.97      0.99        37
        701       1.00      1.00      1.00        40
        702       1.00      0.97      0.99        35
        703       1.00      1.00      1.00        36
        704       1.00      1.00      1.00        33
        705       1.00      1.00      1.00        33
        706       1.00      0.95      0.98        44
        707       1.00      0.97      0.99        34
        708       1.00      0.96      0.98        28
        709       1.00      0.98      0.99        41
         71       1.00      1.00      1.00        33
        710       1.00      0.97      0.99        35
        711       1.00      1.00      1.00        34
        712       1.00      1.00      1.00        47
        713       0.00      0.00      0.00        31
        714       1.00      0.97      0.99        37
        715       1.00      0.97      0.99        39
        716       1.00      1.00      1.00        36
        717       1.00      0.95      0.97        40
        718       1.00      1.00      1.00        28
        719       1.00      1.00      1.00        24
         72       1.00      0.97      0.99        38
        720       1.00      0.97      0.98        33
        721       1.00      1.00      1.00        27
        722       1.00      0.97      0.99        34
        723       1.00      1.00      1.00        36
        724       1.00      1.00      1.00        39
        725       1.00      0.50      0.67        38
        726       1.00      0.93      0.97        46
        727       1.00      1.00      1.00        38
        728       1.00      0.97      0.98        30
        729       1.00      0.98      0.99        42
         73       1.00      0.98      0.99        42
        730       1.00      1.00      1.00        29
        731       0.01      0.03      0.02        31
        732       1.00      1.00      1.00        38
        733       1.00      1.00      1.00        26
        734       1.00      0.09      0.16        34
        735       1.00      0.96      0.98        26
        736       1.00      0.97      0.99        37
        737       1.00      0.98      0.99        44
        738       1.00      1.00      1.00        44
        739       1.00      0.97      0.99        38
         74       1.00      0.96      0.98        26
        740       1.00      1.00      1.00        38
        741       1.00      1.00      1.00        37
        742       1.00      1.00      1.00        31
        743       1.00      1.00      1.00        41
        744       1.00      1.00      1.00        34
        745       1.00      0.97      0.99        37
        746       1.00      1.00      1.00        33
        747       1.00      1.00      1.00        37
        748       1.00      0.91      0.96        35
        749       1.00      0.98      0.99        44
         75       1.00      1.00      1.00        34
        750       1.00      0.96      0.98        23
        751       1.00      0.97      0.99        37
        752       1.00      1.00      1.00        31
        753       1.00      1.00      1.00        44
        754       1.00      1.00      1.00        39
        755       1.00      1.00      1.00        46
        756       1.00      1.00      1.00        34
        757       1.00      0.61      0.76        28
        758       1.00      0.06      0.11        34
        759       1.00      0.98      0.99        41
         76       1.00      1.00      1.00        27
        760       1.00      1.00      1.00        34
        761       1.00      0.97      0.99        39
        762       1.00      0.97      0.98        33
        763       1.00      0.93      0.96        42
        764       1.00      1.00      1.00        41
        765       1.00      0.97      0.99        38
        766       1.00      0.97      0.98        31
        767       1.00      0.97      0.99        38
        768       1.00      1.00      1.00        37
        769       1.00      1.00      1.00        28
         77       1.00      0.94      0.97        35
        770       1.00      0.93      0.96        40
        771       1.00      1.00      1.00        33
        772       0.00      0.00      0.00        38
        773       1.00      1.00      1.00        32
        774       1.00      0.96      0.98        45
        775       1.00      0.97      0.99        39
        776       1.00      0.88      0.94        33
        777       1.00      1.00      1.00        37
        778       1.00      1.00      1.00        43
        779       1.00      1.00      1.00        36
         78       1.00      0.97      0.98        30
        780       0.97      1.00      0.98        31
        781       1.00      0.94      0.97        33
        782       1.00      1.00      1.00        34
        783       1.00      0.97      0.99        38
        784       1.00      0.97      0.99        39
        785       1.00      0.97      0.99        38
        786       1.00      0.97      0.99        39
        787       1.00      1.00      1.00        40
        788       0.92      0.94      0.93        35
        789       1.00      1.00      1.00        37
         79       1.00      0.97      0.99        38
        790       1.00      0.97      0.99        37
        791       1.00      0.85      0.92        40
        792       1.00      0.97      0.99        36
        793       1.00      0.88      0.94        43
        794       1.00      1.00      1.00        30
        795       1.00      1.00      1.00        38
        796       1.00      1.00      1.00        30
        797       1.00      0.97      0.99        40
        798       1.00      0.97      0.99        39
        799       1.00      0.97      0.98        32
          8       1.00      1.00      1.00        34
         80       1.00      0.98      0.99        42
        800       1.00      1.00      1.00        32
        801       1.00      0.90      0.95        39
        802       0.00      0.00      0.00        44
        803       1.00      0.97      0.99        40
        804       1.00      0.95      0.97        41
        805       0.00      0.00      0.00        42
        806       1.00      0.03      0.06        31
        807       1.00      0.97      0.99        37
        808       1.00      0.95      0.97        38
        809       1.00      0.97      0.99        40
         81       1.00      1.00      1.00        30
        810       1.00      1.00      1.00        34
        811       1.00      1.00      1.00        28
        812       0.97      0.97      0.97        40
        813       1.00      0.97      0.99        36
        814       1.00      0.15      0.26        33
        815       1.00      0.98      0.99        44
        816       1.00      0.97      0.98        33
        817       1.00      1.00      1.00        33
        818       1.00      0.97      0.99        37
        819       1.00      0.79      0.89        39
         82       1.00      0.94      0.97        31
        820       1.00      0.96      0.98        28
        821       1.00      1.00      1.00        34
        822       1.00      0.98      0.99        46
        823       1.00      0.90      0.95        31
        824       1.00      1.00      1.00        41
        825       1.00      1.00      1.00        42
        826       1.00      1.00      1.00        42
        827       1.00      1.00      1.00        32
        828       1.00      1.00      1.00        36
        829       1.00      1.00      1.00        37
         83       1.00      0.97      0.98        31
        830       1.00      0.97      0.99        34
        831       1.00      1.00      1.00        27
        832       1.00      1.00      1.00        36
        833       1.00      0.95      0.97        40
        834       1.00      1.00      1.00        39
        835       0.98      0.93      0.95        44
        836       1.00      1.00      1.00        41
        837       1.00      0.97      0.99        40
        838       1.00      0.97      0.98        29
        839       1.00      0.97      0.99        34
         84       1.00      1.00      1.00        41
        840       1.00      1.00      1.00        30
        841       1.00      0.95      0.97        39
        842       1.00      1.00      1.00        32
        843       1.00      1.00      1.00        38
        844       1.00      0.96      0.98        24
        845       1.00      1.00      1.00        31
        846       1.00      1.00      1.00        41
        847       1.00      0.97      0.99        37
        848       1.00      1.00      1.00        23
        849       1.00      1.00      1.00        38
         85       1.00      0.94      0.97        32
        850       1.00      0.97      0.99        36
        851       1.00      0.97      0.99        37
        852       1.00      0.97      0.99        36
        853       1.00      1.00      1.00        42
        854       1.00      1.00      1.00        35
        855       1.00      1.00      1.00        46
        856       1.00      1.00      1.00        25
        857       1.00      0.59      0.75        37
        858       1.00      1.00      1.00        36
        859       1.00      0.94      0.97        34
         86       1.00      1.00      1.00        36
        860       1.00      0.97      0.99        36
        861       1.00      0.61      0.75        38
        862       1.00      0.96      0.98        45
        863       0.97      1.00      0.99        38
        864       1.00      1.00      1.00        32
        865       1.00      1.00      1.00        35
        866       1.00      1.00      1.00        34
        867       1.00      0.95      0.97        39
        868       1.00      1.00      1.00        30
        869       1.00      0.91      0.95        32
         87       1.00      1.00      1.00        32
        870       1.00      1.00      1.00        25
        871       1.00      0.92      0.96        38
        872       1.00      0.98      0.99        43
        873       1.00      1.00      1.00        30
        874       1.00      1.00      1.00        31
        875       1.00      1.00      1.00        34
        876       1.00      0.97      0.99        38
        877       1.00      0.92      0.96        37
        878       1.00      0.95      0.97        40
        879       1.00      0.97      0.98        32
         88       1.00      0.97      0.99        37
        880       1.00      0.98      0.99        42
        881       0.00      0.00      0.00        38
        882       1.00      1.00      1.00        42
        883       1.00      1.00      1.00        34
        884       1.00      1.00      1.00        36
        885       1.00      1.00      1.00        36
        886       1.00      1.00      1.00        43
        887       1.00      1.00      1.00        28
        888       1.00      0.98      0.99        46
        889       1.00      0.96      0.98        28
         89       1.00      0.95      0.97        38
        890       0.00      0.00      0.00        41
        891       1.00      0.98      0.99        41
        892       1.00      0.97      0.99        38
        893       1.00      0.97      0.99        38
        894       1.00      1.00      1.00        41
        895       1.00      1.00      1.00        42
        896       1.00      1.00      1.00        31
        897       1.00      1.00      1.00        34
        898       1.00      1.00      1.00        38
        899       1.00      0.97      0.99        35
          9       1.00      0.20      0.33        35
         90       1.00      1.00      1.00        41
        900       0.97      1.00      0.98        30
        901       1.00      0.97      0.99        37
        902       1.00      1.00      1.00        34
        903       1.00      1.00      1.00        30
        904       1.00      0.96      0.98        27
        905       1.00      1.00      1.00        37
        906       1.00      0.69      0.82        29
        907       1.00      0.98      0.99        44
        908       1.00      0.98      0.99        41
        909       1.00      1.00      1.00        35
         91       1.00      1.00      1.00        36
        910       1.00      1.00      1.00        47
        911       1.00      1.00      1.00        40
        912       1.00      1.00      1.00        39
        913       1.00      0.14      0.24        37
        914       0.00      0.00      0.00        31
        915       1.00      1.00      1.00        36
        916       1.00      0.94      0.97        33
        917       1.00      0.97      0.99        36
        918       1.00      0.95      0.98        43
        919       1.00      1.00      1.00        37
         92       1.00      1.00      1.00        37
        920       1.00      0.96      0.98        28
        921       1.00      0.97      0.99        38
        922       1.00      1.00      1.00        31
        923       1.00      1.00      1.00        27
        924       1.00      0.96      0.98        27
        925       1.00      1.00      1.00        33
        926       1.00      1.00      1.00        36
        927       1.00      1.00      1.00        39
        928       1.00      0.97      0.98        33
        929       1.00      0.97      0.98        32
         93       1.00      1.00      1.00        46
        930       1.00      0.42      0.60        33
        931       1.00      1.00      1.00        28
        932       1.00      1.00      1.00        30
        933       1.00      0.97      0.99        35
        934       1.00      1.00      1.00        34
        935       1.00      1.00      1.00        41
        936       1.00      0.97      0.99        38
        937       1.00      1.00      1.00        41
        938       1.00      0.97      0.99        35
        939       1.00      0.98      0.99        42
         94       1.00      0.98      0.99        41
        940       1.00      1.00      1.00        39
        941       1.00      1.00      1.00        45
        942       1.00      1.00      1.00        34
        943       1.00      1.00      1.00        45
        944       0.97      1.00      0.98        32
        945       0.96      1.00      0.98        27
        946       1.00      0.95      0.97        39
        947       1.00      0.97      0.99        38
        948       1.00      1.00      1.00        35
        949       1.00      1.00      1.00        33
         95       0.96      0.96      0.96        24
        950       1.00      1.00      1.00        38
        951       1.00      1.00      1.00        29
        952       1.00      1.00      1.00        38
        953       1.00      1.00      1.00        35
        954       0.00      0.00      0.00        30
        955       1.00      1.00      1.00        37
        956       1.00      1.00      1.00        36
        957       0.97      0.97      0.97        37
        958       1.00      1.00      1.00        43
        959       1.00      0.97      0.98        32
         96       0.00      0.00      0.00        34
        960       1.00      0.97      0.98        32
        961       1.00      0.91      0.95        34
        962       1.00      0.97      0.99        34
        963       1.00      1.00      1.00        36
        964       1.00      0.14      0.25        35
        965       1.00      0.98      0.99        41
        966       1.00      0.89      0.94        35
        967       1.00      0.97      0.98        31
        968       1.00      1.00      1.00        34
        969       1.00      1.00      1.00        36
         97       1.00      1.00      1.00        33
        970       1.00      0.96      0.98        27
        971       1.00      0.94      0.97        33
        972       0.94      0.97      0.96        35
        973       1.00      1.00      1.00        37
        974       1.00      0.97      0.99        40
        975       1.00      0.89      0.94        35
        976       1.00      0.92      0.96        39
        977       1.00      0.05      0.10        38
        978       1.00      0.96      0.98        25
        979       1.00      0.97      0.99        37
         98       1.00      0.07      0.13        28
        980       1.00      1.00      1.00        46
        981       1.00      1.00      1.00        37
        982       1.00      0.32      0.49        34
        983       0.00      0.00      0.00        41
        984       1.00      0.95      0.98        44
        985       0.00      0.00      0.00        35
        986       1.00      0.96      0.98        27
        987       1.00      1.00      1.00        38
        988       1.00      1.00      1.00        36
        989       0.95      0.70      0.81        27
         99       1.00      1.00      1.00        33
        990       1.00      1.00      1.00        30
        991       1.00      1.00      1.00        36
        992       0.24      1.00      0.39        26
        993       1.00      1.00      1.00        46
        994       1.00      0.97      0.99        35
        995       1.00      0.90      0.95        31
        996       1.00      1.00      1.00        39
        997       0.00      0.00      0.00        37
        998       1.00      0.94      0.97        36
        999       0.00      0.00      0.00        37

avg / total       0.96      0.91      0.92     35745

0.905944887397

