/usr/local/Cellar/python3/3.6.1/Frameworks/Python.framework/Versions/3.6/bin/python3.6 /Users/kseniaburova/Documents/school/spring2018/cs560/SVMClassifier/mlp_class.py
Size of X is  102126  rows and 12386  columns
split data into training and testing datasets is done
training set has 66381 rows; testing set has 35745 rows
/usr/local/Cellar/python3/3.6.1/Frameworks/Python.framework/Versions/3.6/lib/python3.6/site-packages/sklearn/metrics/classification.py:1135: UndefinedMetricWarning: Precision and F-score are ill-defined and being set to 0.0 in labels with no predicted samples.
  'precision', 'predicted', average, warn_for)
fitting is done
testing is done, printing results
             precision    recall  f1-score   support

          0       1.00      0.93      0.96        28
          1       1.00      0.94      0.97        33
         10       1.00      0.19      0.32        37
        100       0.95      0.95      0.95        44
        101       1.00      0.78      0.87        40
        102       0.01      1.00      0.01        23
        103       1.00      1.00      1.00        29
        104       1.00      0.97      0.98        33
        105       0.93      0.95      0.94        40
        106       1.00      0.76      0.86        41
        107       1.00      0.97      0.98        33
        108       1.00      1.00      1.00        36
        109       1.00      1.00      1.00        34
         11       0.71      0.88      0.79        34
        110       0.80      0.89      0.84        27
        111       1.00      1.00      1.00        38
        112       1.00      1.00      1.00        28
        113       1.00      0.97      0.98        32
        114       0.95      0.97      0.96        36
        115       1.00      1.00      1.00        35
        116       1.00      1.00      1.00        36
        117       1.00      1.00      1.00        36
        118       1.00      0.97      0.98        29
        119       1.00      0.97      0.99        40
         12       0.00      0.00      0.00        41
        120       1.00      1.00      1.00        34
        121       1.00      1.00      1.00        26
        122       0.96      1.00      0.98        25
        123       0.97      0.94      0.96        34
        124       0.00      0.00      0.00        34
        125       0.97      0.94      0.96        36
        126       0.94      0.94      0.94        35
        127       1.00      0.95      0.97        37
        128       0.95      1.00      0.97        38
        129       1.00      1.00      1.00        29
         13       1.00      1.00      1.00        45
        130       0.92      0.92      0.92        39
        131       0.97      0.94      0.96        34
        132       1.00      1.00      1.00        38
        133       0.97      1.00      0.99        34
        134       0.95      0.90      0.93        42
        135       0.96      0.96      0.96        26
        136       0.90      1.00      0.95        35
        137       1.00      0.95      0.97        37
        138       1.00      1.00      1.00        26
        139       1.00      0.87      0.93        38
         14       1.00      0.98      0.99        41
        140       0.94      0.97      0.96        34
        141       1.00      0.89      0.94        37
        142       1.00      0.97      0.98        32
        143       0.95      0.95      0.95        38
        144       0.98      1.00      0.99        46
        145       0.94      0.94      0.94        34
        146       1.00      0.97      0.99        39
        147       0.98      1.00      0.99        40
        148       1.00      1.00      1.00        36
        149       0.97      0.81      0.89        43
         15       0.97      0.97      0.97        36
        150       0.00      0.00      0.00        34
        151       0.88      1.00      0.94        29
        152       1.00      0.89      0.94        38
        153       0.86      0.96      0.91        26
        154       1.00      0.97      0.98        32
        155       1.00      1.00      1.00        29
        156       1.00      1.00      1.00        39
        157       0.00      0.00      0.00        39
        158       1.00      1.00      1.00        28
        159       0.95      0.75      0.84        24
         16       1.00      1.00      1.00        35
        160       0.91      0.98      0.94        42
        161       1.00      1.00      1.00        32
        162       1.00      0.95      0.97        38
        163       1.00      0.95      0.97        40
        164       0.97      0.97      0.97        39
        165       1.00      0.92      0.96        38
        166       1.00      0.94      0.97        31
        167       1.00      0.86      0.92        28
        168       0.90      0.95      0.92        39
        169       0.00      0.00      0.00        43
         17       1.00      0.18      0.31        33
        170       1.00      0.92      0.96        37
        171       1.00      0.97      0.99        36
        172       1.00      0.97      0.99        34
        173       1.00      0.82      0.90        40
        174       0.97      0.78      0.87        37
        175       1.00      1.00      1.00        38
        176       1.00      0.77      0.87        31
        177       1.00      0.75      0.86        40
        178       1.00      0.94      0.97        36
        179       1.00      0.88      0.93        32
         18       0.88      0.97      0.92        36
        180       1.00      1.00      1.00        32
        181       0.82      0.27      0.41        33
        182       0.94      0.94      0.94        31
        183       0.97      0.97      0.97        32
        184       1.00      0.97      0.99        36
        185       0.94      0.98      0.96        45
        186       1.00      1.00      1.00        35
        187       0.95      0.97      0.96        40
        188       1.00      0.98      0.99        42
        189       0.78      1.00      0.88        28
         19       0.09      0.30      0.14        27
        190       0.00      0.00      0.00        35
        191       0.97      0.97      0.97        32
        192       1.00      0.38      0.55        34
        193       1.00      1.00      1.00        33
        194       1.00      0.89      0.94        37
        195       1.00      0.97      0.99        37
        196       1.00      0.08      0.15        36
        197       0.00      0.00      0.00        43
        198       1.00      0.93      0.96        43
        199       1.00      0.97      0.99        34
          2       1.00      0.96      0.98        25
         20       0.00      0.00      0.00        40
        200       0.94      0.94      0.94        32
        201       0.93      0.95      0.94        40
        202       0.97      0.94      0.96        35
        203       0.97      0.97      0.97        37
        204       1.00      0.94      0.97        31
        205       1.00      1.00      1.00        31
        206       1.00      0.97      0.99        34
        207       1.00      1.00      1.00        37
        208       0.98      0.96      0.97        49
        209       1.00      1.00      1.00        27
         21       0.00      0.00      0.00        33
        210       1.00      0.97      0.99        37
        211       0.00      0.00      0.00        44
        212       1.00      0.71      0.83        31
        213       1.00      1.00      1.00        38
        214       1.00      1.00      1.00        33
        215       1.00      0.94      0.97        34
        216       0.36      0.11      0.17        35
        217       1.00      0.94      0.97        34
        218       0.93      0.96      0.94        26
        219       0.84      0.95      0.89        38
         22       1.00      1.00      1.00        42
        220       1.00      1.00      1.00        29
        221       1.00      0.92      0.96        39
        222       0.95      0.95      0.95        38
        223       1.00      0.93      0.96        42
        224       0.85      0.63      0.72        35
        225       1.00      0.85      0.92        33
        226       1.00      1.00      1.00        30
        227       1.00      0.95      0.97        40
        228       0.00      0.00      0.00        33
        229       0.92      1.00      0.96        33
         23       1.00      1.00      1.00        39
        230       1.00      0.93      0.97        30
        231       1.00      0.95      0.97        41
        232       1.00      1.00      1.00        35
        233       0.90      0.96      0.93        28
        234       1.00      0.93      0.96        40
        235       0.84      0.95      0.89        38
        236       1.00      1.00      1.00        35
        237       1.00      0.97      0.98        33
        238       1.00      0.93      0.96        44
        239       1.00      0.98      0.99        41
         24       1.00      1.00      1.00        38
        240       1.00      0.92      0.96        39
        241       0.94      0.91      0.93        34
        242       0.97      0.90      0.94        42
        243       1.00      0.92      0.96        36
        244       1.00      1.00      1.00        29
        245       1.00      1.00      1.00        34
        246       1.00      1.00      1.00        29
        247       1.00      0.97      0.99        34
        248       1.00      0.97      0.98        30
        249       0.69      0.53      0.60        38
         25       0.00      0.00      0.00        37
        250       0.95      0.98      0.96        41
        251       0.00      0.00      0.00        37
        252       0.93      0.95      0.94        39
        253       0.94      0.91      0.92        32
        254       0.98      0.98      0.98        41
        255       1.00      1.00      1.00        33
        256       1.00      0.97      0.99        35
        257       0.00      0.00      0.00        45
        258       0.93      0.97      0.95        38
        259       1.00      0.95      0.97        40
         26       1.00      0.97      0.99        38
        260       0.95      1.00      0.97        36
        261       0.97      0.97      0.97        39
        262       0.97      1.00      0.99        39
        263       1.00      0.85      0.92        34
        264       1.00      0.88      0.94        42
        265       0.97      0.97      0.97        38
        266       1.00      1.00      1.00        34
        267       1.00      1.00      1.00        25
        268       0.94      0.97      0.95        31
        269       1.00      0.95      0.97        41
         27       1.00      1.00      1.00        34
        270       1.00      1.00      1.00        37
        271       1.00      1.00      1.00        38
        272       1.00      1.00      1.00        39
        273       0.93      0.97      0.95        40
        274       1.00      0.98      0.99        43
        275       1.00      1.00      1.00        31
        276       0.84      0.81      0.83        32
        277       1.00      1.00      1.00        32
        278       0.90      1.00      0.95        37
        279       1.00      1.00      1.00        39
         28       1.00      1.00      1.00        38
        280       1.00      0.03      0.05        38
        281       1.00      0.95      0.97        37
        282       0.85      0.88      0.86        40
        283       1.00      0.84      0.91        37
        284       0.92      0.95      0.93        37
        285       1.00      0.28      0.44        32
        286       1.00      0.97      0.99        36
        287       1.00      0.91      0.95        45
        288       0.92      0.92      0.92        37
        289       0.97      0.97      0.97        36
         29       0.00      0.00      0.00        34
        290       1.00      0.97      0.99        38
        291       1.00      1.00      1.00        34
        292       1.00      0.95      0.97        37
        293       0.90      0.88      0.89        42
        294       1.00      0.97      0.98        32
        295       1.00      0.97      0.98        33
        296       1.00      0.92      0.96        37
        297       0.97      0.97      0.97        34
        298       0.55      0.16      0.24        38
        299       1.00      0.97      0.99        36
          3       1.00      0.89      0.94        36
         30       1.00      1.00      1.00        38
        300       1.00      1.00      1.00        29
        301       0.00      0.00      0.00        35
        302       0.52      0.87      0.65        39
        303       1.00      1.00      1.00        30
        304       0.97      1.00      0.99        34
        305       1.00      1.00      1.00        47
        306       1.00      0.97      0.99        34
        307       1.00      0.98      0.99        49
        308       0.86      0.95      0.90        39
        309       0.91      1.00      0.95        31
         31       1.00      1.00      1.00        44
        310       1.00      1.00      1.00        40
        311       0.97      1.00      0.99        35
        312       1.00      1.00      1.00        31
        313       1.00      0.97      0.98        30
        314       1.00      0.97      0.99        38
        315       1.00      0.94      0.97        33
        316       1.00      0.94      0.97        34
        317       0.97      0.97      0.97        40
        318       0.88      0.81      0.84        43
        319       1.00      0.97      0.99        37
         32       1.00      0.95      0.97        41
        320       1.00      1.00      1.00        31
        321       1.00      0.97      0.98        30
        322       1.00      0.93      0.97        46
        323       1.00      1.00      1.00        40
        324       0.93      1.00      0.96        41
        325       0.88      1.00      0.94        23
        326       1.00      0.96      0.98        47
        327       1.00      1.00      1.00        30
        328       0.90      0.95      0.92        39
        329       1.00      1.00      1.00        36
         33       1.00      1.00      1.00        35
        330       1.00      1.00      1.00        33
        331       0.93      0.93      0.93        30
        332       1.00      1.00      1.00        31
        333       1.00      0.97      0.98        30
        334       0.95      0.95      0.95        41
        335       1.00      1.00      1.00        36
        336       0.98      0.98      0.98        43
        337       1.00      0.95      0.97        40
        338       0.97      0.91      0.94        34
        339       0.98      0.98      0.98        43
         34       0.94      0.91      0.93        34
        340       1.00      0.86      0.93        37
        341       1.00      1.00      1.00        34
        342       1.00      0.97      0.98        30
        343       1.00      1.00      1.00        32
        344       1.00      0.97      0.99        39
        345       0.98      1.00      0.99        40
        346       1.00      1.00      1.00        35
        347       1.00      0.97      0.99        34
        348       0.97      0.97      0.97        35
        349       0.94      0.97      0.96        35
         35       1.00      0.95      0.97        41
        350       1.00      0.97      0.99        36
        351       1.00      1.00      1.00        32
        352       1.00      0.97      0.99        40
        353       1.00      1.00      1.00        35
        354       1.00      0.29      0.45        38
        355       1.00      1.00      1.00        38
        356       1.00      1.00      1.00        28
        357       0.97      0.97      0.97        30
        358       1.00      1.00      1.00        46
        359       1.00      0.94      0.97        33
         36       1.00      1.00      1.00        26
        360       1.00      0.98      0.99        42
        361       1.00      1.00      1.00        36
        362       1.00      1.00      1.00        32
        363       0.97      1.00      0.99        36
        364       1.00      0.98      0.99        43
        365       1.00      1.00      1.00        43
        366       1.00      1.00      1.00        38
        367       1.00      0.98      0.99        44
        368       1.00      1.00      1.00        41
        369       0.98      1.00      0.99        41
         37       0.96      1.00      0.98        27
        370       0.97      0.90      0.94        41
        371       1.00      0.97      0.98        33
        372       1.00      1.00      1.00        36
        373       1.00      0.95      0.97        38
        374       0.93      0.97      0.95        39
        375       0.90      1.00      0.95        27
        376       0.97      0.97      0.97        38
        377       1.00      1.00      1.00        43
        378       1.00      0.97      0.98        29
        379       1.00      1.00      1.00        38
         38       1.00      0.97      0.99        39
        380       1.00      1.00      1.00        31
        381       0.97      0.93      0.95        40
        382       0.87      1.00      0.93        39
        383       1.00      1.00      1.00        38
        384       0.95      0.97      0.96        40
        385       1.00      1.00      1.00        31
        386       1.00      1.00      1.00        31
        387       1.00      0.94      0.97        36
        388       1.00      0.92      0.96        37
        389       1.00      0.90      0.95        31
         39       0.95      0.98      0.96        42
        390       1.00      1.00      1.00        41
        391       0.97      0.97      0.97        39
        392       1.00      0.98      0.99        43
        393       1.00      0.95      0.97        39
        394       1.00      0.97      0.98        29
        395       1.00      1.00      1.00        42
        396       1.00      1.00      1.00        31
        397       0.97      0.92      0.94        36
        398       1.00      0.98      0.99        41
        399       1.00      1.00      1.00        32
          4       1.00      0.95      0.97        39
         40       1.00      1.00      1.00        31
        400       1.00      0.97      0.99        34
        401       1.00      1.00      1.00        30
        402       1.00      0.93      0.97        30
        403       0.53      0.26      0.35        35
        404       0.86      1.00      0.92        36
        405       0.97      0.94      0.96        36
        406       0.97      0.97      0.97        35
        407       0.96      0.96      0.96        28
        408       1.00      1.00      1.00        40
        409       1.00      0.97      0.99        35
         41       1.00      0.98      0.99        42
        410       0.97      0.95      0.96        39
        411       1.00      0.97      0.98        32
        412       0.94      1.00      0.97        34
        413       1.00      0.91      0.95        32
        414       0.97      0.97      0.97        32
        415       0.97      0.97      0.97        33
        416       0.97      0.82      0.89        45
        417       0.97      0.94      0.95        33
        418       0.97      1.00      0.99        36
        419       1.00      1.00      1.00        34
         42       1.00      0.97      0.99        38
        420       1.00      0.98      0.99        41
        421       0.94      0.97      0.95        31
        422       1.00      0.94      0.97        32
        423       1.00      1.00      1.00        33
        424       1.00      0.94      0.97        34
        425       0.97      1.00      0.99        36
        426       1.00      0.98      0.99        44
        427       0.97      1.00      0.99        36
        428       0.94      1.00      0.97        31
        429       1.00      0.97      0.98        29
         43       1.00      0.52      0.68        31
        430       0.97      0.97      0.97        29
        431       0.84      0.93      0.89        29
        432       1.00      1.00      1.00        38
        433       1.00      0.94      0.97        35
        434       0.90      0.97      0.94        37
        435       0.71      0.97      0.82        30
        436       1.00      1.00      1.00        24
        437       1.00      0.97      0.98        29
        438       1.00      1.00      1.00        39
        439       0.73      0.97      0.84        37
         44       1.00      1.00      1.00        32
        440       0.97      0.92      0.95        39
        441       1.00      1.00      1.00        32
        442       0.95      1.00      0.98        41
        443       1.00      0.97      0.99        34
        444       0.90      0.96      0.93        27
        445       0.00      0.00      0.00        39
        446       1.00      0.82      0.90        33
        447       0.97      0.94      0.96        35
        448       0.97      0.88      0.92        40
        449       0.97      0.94      0.96        35
         45       1.00      1.00      1.00        35
        450       1.00      0.97      0.99        35
        451       0.97      0.92      0.95        38
        452       1.00      1.00      1.00        37
        453       0.88      1.00      0.93        28
        454       0.95      1.00      0.97        36
        455       0.98      0.98      0.98        43
        456       0.00      0.00      0.00        36
        457       1.00      1.00      1.00        37
        458       0.97      0.80      0.88        45
        459       1.00      0.91      0.95        44
         46       1.00      1.00      1.00        39
        460       1.00      0.97      0.98        29
        461       0.89      0.94      0.92        36
        462       1.00      0.97      0.98        29
        463       0.93      0.87      0.90        31
        464       0.94      0.97      0.96        34
        465       0.82      0.94      0.88        34
        466       1.00      0.97      0.98        30
        467       1.00      0.11      0.19        38
        468       1.00      0.03      0.05        36
        469       1.00      1.00      1.00        39
         47       1.00      0.97      0.99        35
        470       1.00      1.00      1.00        40
        471       1.00      1.00      1.00        23
        472       1.00      0.90      0.95        42
        473       1.00      1.00      1.00        34
        474       0.97      1.00      0.99        34
        475       1.00      0.95      0.97        38
        476       1.00      0.95      0.97        37
        477       0.96      0.90      0.93        30
        478       0.91      0.95      0.93        43
        479       0.90      0.95      0.92        37
         48       0.00      0.00      0.00        43
        480       1.00      0.97      0.99        39
        481       0.86      0.94      0.90        32
        482       1.00      1.00      1.00        33
        483       0.93      1.00      0.96        40
        484       0.95      1.00      0.97        36
        485       1.00      0.97      0.98        31
        486       1.00      0.92      0.96        38
        487       1.00      0.98      0.99        41
        488       1.00      0.97      0.99        40
        489       1.00      1.00      1.00        36
         49       1.00      0.90      0.95        30
        490       1.00      0.97      0.99        34
        491       1.00      1.00      1.00        39
        492       1.00      1.00      1.00        32
        493       1.00      1.00      1.00        31
        494       1.00      0.96      0.98        45
        495       1.00      1.00      1.00        33
        496       0.95      0.89      0.92        46
        497       0.97      0.95      0.96        40
        498       1.00      0.97      0.98        33
        499       0.97      1.00      0.99        37
          5       1.00      0.94      0.97        33
         50       1.00      1.00      1.00        35
        500       1.00      0.88      0.93        40
        501       0.84      1.00      0.92        27
        502       1.00      1.00      1.00        36
        503       0.95      0.95      0.95        37
        504       0.00      0.00      0.00        47
        505       0.97      1.00      0.99        37
        506       1.00      0.83      0.91        29
        507       0.97      0.95      0.96        41
        508       1.00      0.88      0.94        34
        509       1.00      0.97      0.99        40
         51       0.75      0.12      0.20        26
        510       1.00      1.00      1.00        46
        511       1.00      1.00      1.00        36
        512       1.00      0.97      0.98        32
        513       1.00      1.00      1.00        32
        514       1.00      0.81      0.89        31
        515       1.00      0.97      0.99        34
        516       1.00      0.92      0.96        25
        517       1.00      0.94      0.97        34
        518       1.00      0.94      0.97        36
        519       0.88      0.96      0.92        24
         52       1.00      0.97      0.99        38
        520       1.00      0.95      0.97        39
        521       1.00      1.00      1.00        29
        522       1.00      0.76      0.86        37
        523       1.00      1.00      1.00        38
        524       1.00      1.00      1.00        36
        525       1.00      0.97      0.99        38
        526       0.86      0.82      0.84        38
        527       1.00      1.00      1.00        39
        528       0.94      0.94      0.94        31
        529       0.93      1.00      0.96        37
         53       1.00      0.48      0.65        33
        530       0.94      1.00      0.97        30
        531       1.00      0.51      0.68        37
        532       1.00      0.97      0.99        35
        533       1.00      1.00      1.00        42
        534       0.98      1.00      0.99        41
        535       1.00      0.97      0.99        38
        536       1.00      0.91      0.96        35
        537       0.65      0.31      0.42        35
        538       1.00      0.97      0.99        38
        539       1.00      1.00      1.00        37
         54       1.00      0.94      0.97        35
        540       1.00      1.00      1.00        27
        541       0.97      0.88      0.92        41
        542       1.00      0.97      0.99        38
        543       1.00      0.97      0.99        35
        544       0.91      1.00      0.96        32
        545       1.00      0.97      0.99        37
        546       1.00      1.00      1.00        42
        547       0.00      0.00      0.00        36
        548       1.00      0.81      0.90        43
        549       1.00      1.00      1.00        33
         55       1.00      0.94      0.97        33
        550       0.95      0.93      0.94        40
        551       1.00      0.97      0.99        39
        552       1.00      1.00      1.00        37
        553       1.00      0.94      0.97        33
        554       0.97      1.00      0.99        39
        555       0.97      0.97      0.97        34
        556       1.00      0.97      0.99        35
        557       1.00      0.90      0.95        40
        558       1.00      0.90      0.95        31
        559       1.00      1.00      1.00        28
         56       1.00      1.00      1.00        38
        560       1.00      0.90      0.95        31
        561       1.00      0.97      0.98        33
        562       0.96      0.96      0.96        27
        563       0.79      0.83      0.81        36
        564       1.00      1.00      1.00        42
        565       0.00      0.00      0.00        37
        566       1.00      1.00      1.00        37
        567       0.97      0.92      0.94        36
        568       0.97      0.94      0.95        33
        569       1.00      1.00      1.00        36
         57       0.97      0.95      0.96        40
        570       0.81      0.57      0.67        37
        571       1.00      0.97      0.99        39
        572       0.97      0.97      0.97        37
        573       1.00      0.81      0.89        31
        574       0.94      0.97      0.95        31
        575       1.00      0.97      0.99        39
        576       1.00      1.00      1.00        37
        577       1.00      0.97      0.98        29
        578       1.00      1.00      1.00        26
        579       1.00      1.00      1.00        34
         58       1.00      0.94      0.97        31
        580       1.00      1.00      1.00        38
        581       0.00      0.00      0.00        33
        582       0.97      0.97      0.97        40
        583       1.00      0.07      0.12        30
        584       1.00      0.82      0.90        39
        585       1.00      1.00      1.00        29
        586       1.00      0.97      0.99        37
        587       1.00      1.00      1.00        35
        588       1.00      1.00      1.00        39
        589       0.00      0.00      0.00        31
         59       1.00      0.12      0.21        43
        590       0.97      1.00      0.99        35
        591       0.95      0.90      0.92        41
        592       0.94      0.97      0.95        30
        593       1.00      1.00      1.00        36
        594       1.00      1.00      1.00        40
        595       0.97      0.94      0.95        31
        596       0.97      0.93      0.95        42
        597       1.00      0.97      0.99        34
        598       0.98      1.00      0.99        40
        599       1.00      0.93      0.97        30
          6       0.00      0.00      0.00        38
         60       1.00      0.97      0.99        36
        600       1.00      0.97      0.98        29
        601       0.93      1.00      0.96        41
        602       0.97      0.83      0.90        36
        603       1.00      0.98      0.99        42
        604       0.97      1.00      0.99        33
        605       0.97      1.00      0.99        34
        606       1.00      0.92      0.96        37
        607       1.00      1.00      1.00        32
        608       0.97      0.97      0.97        35
        609       0.93      0.95      0.94        42
         61       1.00      1.00      1.00        31
        610       0.97      1.00      0.99        37
        611       0.97      0.94      0.95        33
        612       0.98      0.98      0.98        41
        613       1.00      0.84      0.92        32
        614       0.90      1.00      0.95        37
        615       1.00      0.91      0.96        35
        616       0.97      1.00      0.99        36
        617       1.00      0.94      0.97        47
        618       1.00      1.00      1.00        30
        619       0.97      0.90      0.93        31
         62       1.00      1.00      1.00        40
        620       0.96      0.87      0.91        30
        621       1.00      0.94      0.97        35
        622       1.00      1.00      1.00        33
        623       1.00      0.92      0.96        26
        624       0.00      0.00      0.00        38
        625       0.97      0.94      0.96        35
        626       0.86      1.00      0.92        30
        627       1.00      0.97      0.98        33
        628       1.00      0.93      0.96        43
        629       1.00      1.00      1.00        33
         63       1.00      1.00      1.00        40
        630       0.94      1.00      0.97        33
        631       1.00      0.98      0.99        51
        632       0.98      1.00      0.99        40
        633       0.97      0.87      0.92        39
        634       0.96      1.00      0.98        25
        635       1.00      0.94      0.97        32
        636       1.00      0.95      0.98        42
        637       1.00      1.00      1.00        39
        638       0.98      1.00      0.99        42
        639       1.00      0.97      0.98        32
         64       1.00      1.00      1.00        38
        640       1.00      1.00      1.00        39
        641       0.91      0.89      0.90        35
        642       0.84      1.00      0.92        27
        643       1.00      1.00      1.00        43
        644       0.97      0.93      0.95        42
        645       1.00      0.86      0.92        35
        646       0.92      0.90      0.91        39
        647       1.00      0.95      0.98        42
        648       1.00      0.91      0.95        34
        649       1.00      1.00      1.00        30
         65       1.00      1.00      1.00        37
        650       1.00      0.97      0.99        37
        651       1.00      1.00      1.00        40
        652       0.00      0.00      0.00        38
        653       1.00      0.97      0.99        38
        654       1.00      1.00      1.00        35
        655       1.00      0.97      0.99        34
        656       0.95      1.00      0.97        36
        657       1.00      1.00      1.00        41
        658       1.00      1.00      1.00        40
        659       0.96      0.96      0.96        24
         66       1.00      0.95      0.97        39
        660       1.00      0.97      0.98        30
        661       1.00      0.97      0.99        34
        662       1.00      0.97      0.99        34
        663       1.00      0.94      0.97        35
        664       0.97      0.97      0.97        37
        665       0.86      0.96      0.91        26
        666       1.00      0.98      0.99        41
        667       1.00      1.00      1.00        39
        668       1.00      1.00      1.00        36
        669       1.00      1.00      1.00        25
         67       1.00      1.00      1.00        39
        670       1.00      1.00      1.00        40
        671       0.93      0.38      0.54        34
        672       1.00      1.00      1.00        29
        673       1.00      1.00      1.00        33
        674       0.98      0.98      0.98        42
        675       1.00      0.97      0.99        34
        676       0.91      1.00      0.95        31
        677       0.00      0.00      0.00        40
        678       1.00      0.97      0.99        34
        679       1.00      1.00      1.00        35
         68       1.00      0.95      0.97        40
        680       0.97      0.97      0.97        36
        681       0.00      0.00      0.00        41
        682       0.95      1.00      0.97        35
        683       1.00      0.95      0.97        41
        684       0.97      1.00      0.99        36
        685       1.00      1.00      1.00        31
        686       1.00      0.94      0.97        33
        687       0.95      0.93      0.94        43
        688       1.00      0.97      0.99        37
        689       0.84      0.90      0.87        29
         69       0.97      0.97      0.97        39
        690       1.00      0.93      0.96        40
        691       0.97      0.97      0.97        34
        692       0.00      0.00      0.00        36
        693       1.00      0.94      0.97        32
        694       0.97      0.97      0.97        37
        695       0.00      0.00      0.00        34
        696       1.00      1.00      1.00        37
        697       0.97      1.00      0.99        34
        698       1.00      0.91      0.95        33
        699       1.00      1.00      1.00        32
          7       0.67      0.38      0.48        37
         70       0.97      0.97      0.97        30
        700       1.00      0.97      0.99        37
        701       0.93      0.97      0.95        40
        702       0.97      0.86      0.91        35
        703       1.00      0.97      0.99        36
        704       0.97      1.00      0.99        33
        705       1.00      1.00      1.00        33
        706       1.00      0.95      0.98        44
        707       0.94      0.97      0.96        34
        708       1.00      0.96      0.98        28
        709       1.00      0.90      0.95        41
         71       1.00      1.00      1.00        33
        710       1.00      0.97      0.99        35
        711       1.00      1.00      1.00        34
        712       0.98      0.94      0.96        47
        713       0.00      0.00      0.00        31
        714       0.97      0.92      0.94        37
        715       1.00      0.95      0.97        39
        716       1.00      0.97      0.99        36
        717       0.97      0.78      0.86        40
        718       1.00      0.96      0.98        28
        719       1.00      1.00      1.00        24
         72       1.00      0.95      0.97        38
        720       1.00      0.82      0.90        33
        721       1.00      1.00      1.00        27
        722       1.00      0.97      0.99        34
        723       1.00      1.00      1.00        36
        724       1.00      1.00      1.00        39
        725       1.00      0.45      0.62        38
        726       1.00      0.93      0.97        46
        727       1.00      1.00      1.00        38
        728       0.97      0.93      0.95        30
        729       0.98      0.98      0.98        42
         73       1.00      0.90      0.95        42
        730       1.00      1.00      1.00        29
        731       0.00      0.00      0.00        31
        732       0.97      1.00      0.99        38
        733       1.00      1.00      1.00        26
        734       0.00      0.00      0.00        34
        735       1.00      0.96      0.98        26
        736       1.00      0.97      0.99        37
        737       1.00      0.93      0.96        44
        738       1.00      0.93      0.96        44
        739       0.92      0.89      0.91        38
         74       0.92      0.88      0.90        26
        740       1.00      1.00      1.00        38
        741       1.00      1.00      1.00        37
        742       0.82      1.00      0.90        31
        743       1.00      1.00      1.00        41
        744       0.94      1.00      0.97        34
        745       1.00      0.97      0.99        37
        746       1.00      1.00      1.00        33
        747       1.00      1.00      1.00        37
        748       0.94      0.89      0.91        35
        749       1.00      0.98      0.99        44
         75       0.94      1.00      0.97        34
        750       1.00      0.96      0.98        23
        751       0.95      0.97      0.96        37
        752       1.00      1.00      1.00        31
        753       1.00      0.98      0.99        44
        754       1.00      1.00      1.00        39
        755       1.00      1.00      1.00        46
        756       1.00      0.97      0.99        34
        757       0.81      0.61      0.69        28
        758       0.00      0.00      0.00        34
        759       0.98      0.98      0.98        41
         76       1.00      1.00      1.00        27
        760       0.91      0.88      0.90        34
        761       1.00      0.97      0.99        39
        762       1.00      0.94      0.97        33
        763       1.00      0.93      0.96        42
        764       1.00      1.00      1.00        41
        765       1.00      0.97      0.99        38
        766       0.88      0.94      0.91        31
        767       1.00      0.97      0.99        38
        768       1.00      1.00      1.00        37
        769       1.00      1.00      1.00        28
         77       0.97      0.94      0.96        35
        770       1.00      0.93      0.96        40
        771       0.97      0.94      0.95        33
        772       0.00      0.00      0.00        38
        773       1.00      1.00      1.00        32
        774       1.00      0.96      0.98        45
        775       1.00      0.97      0.99        39
        776       1.00      0.85      0.92        33
        777       0.95      0.95      0.95        37
        778       1.00      1.00      1.00        43
        779       1.00      1.00      1.00        36
         78       0.91      0.97      0.94        30
        780       0.97      1.00      0.98        31
        781       1.00      0.85      0.92        33
        782       1.00      1.00      1.00        34
        783       0.97      0.97      0.97        38
        784       1.00      0.95      0.97        39
        785       0.82      0.87      0.85        38
        786       1.00      0.97      0.99        39
        787       1.00      1.00      1.00        40
        788       0.89      0.94      0.92        35
        789       1.00      1.00      1.00        37
         79       1.00      0.97      0.99        38
        790       0.90      0.97      0.94        37
        791       1.00      0.85      0.92        40
        792       1.00      0.97      0.99        36
        793       1.00      0.88      0.94        43
        794       0.94      1.00      0.97        30
        795       1.00      1.00      1.00        38
        796       1.00      1.00      1.00        30
        797       1.00      0.95      0.97        40
        798       1.00      0.97      0.99        39
        799       1.00      0.91      0.95        32
          8       1.00      1.00      1.00        34
         80       1.00      0.98      0.99        42
        800       1.00      1.00      1.00        32
        801       1.00      0.90      0.95        39
        802       0.00      0.00      0.00        44
        803       1.00      0.95      0.97        40
        804       1.00      0.95      0.97        41
        805       0.00      0.00      0.00        42
        806       1.00      0.03      0.06        31
        807       1.00      0.97      0.99        37
        808       0.95      0.95      0.95        38
        809       0.95      0.90      0.92        40
         81       1.00      0.93      0.97        30
        810       1.00      0.91      0.95        34
        811       1.00      1.00      1.00        28
        812       0.97      0.97      0.97        40
        813       1.00      0.97      0.99        36
        814       1.00      0.03      0.06        33
        815       1.00      0.98      0.99        44
        816       1.00      0.97      0.98        33
        817       1.00      1.00      1.00        33
        818       1.00      0.95      0.97        37
        819       0.91      0.77      0.83        39
         82       1.00      0.94      0.97        31
        820       0.96      0.96      0.96        28
        821       0.97      1.00      0.99        34
        822       1.00      0.98      0.99        46
        823       1.00      0.90      0.95        31
        824       1.00      0.98      0.99        41
        825       1.00      1.00      1.00        42
        826       1.00      1.00      1.00        42
        827       1.00      0.94      0.97        32
        828       1.00      1.00      1.00        36
        829       1.00      1.00      1.00        37
         83       1.00      0.97      0.98        31
        830       1.00      0.97      0.99        34
        831       0.96      1.00      0.98        27
        832       1.00      0.97      0.99        36
        833       1.00      0.95      0.97        40
        834       1.00      1.00      1.00        39
        835       0.91      0.91      0.91        44
        836       1.00      0.93      0.96        41
        837       1.00      0.97      0.99        40
        838       1.00      0.97      0.98        29
        839       1.00      0.97      0.99        34
         84       1.00      0.98      0.99        41
        840       1.00      1.00      1.00        30
        841       1.00      0.92      0.96        39
        842       0.94      0.97      0.95        32
        843       0.86      1.00      0.93        38
        844       0.96      0.96      0.96        24
        845       1.00      0.97      0.98        31
        846       1.00      0.98      0.99        41
        847       1.00      0.97      0.99        37
        848       1.00      1.00      1.00        23
        849       1.00      1.00      1.00        38
         85       0.97      0.94      0.95        32
        850       0.94      0.86      0.90        36
        851       0.97      0.92      0.94        37
        852       1.00      0.97      0.99        36
        853       1.00      1.00      1.00        42
        854       1.00      1.00      1.00        35
        855       1.00      1.00      1.00        46
        856       1.00      1.00      1.00        25
        857       0.61      0.54      0.57        37
        858       1.00      1.00      1.00        36
        859       0.78      0.91      0.84        34
         86       0.95      0.97      0.96        36
        860       1.00      0.97      0.99        36
        861       0.92      0.61      0.73        38
        862       0.95      0.93      0.94        45
        863       0.94      0.79      0.86        38
        864       1.00      1.00      1.00        32
        865       1.00      1.00      1.00        35
        866       1.00      1.00      1.00        34
        867       1.00      0.95      0.97        39
        868       1.00      1.00      1.00        30
        869       1.00      0.91      0.95        32
         87       1.00      0.94      0.97        32
        870       1.00      1.00      1.00        25
        871       1.00      0.84      0.91        38
        872       0.93      0.95      0.94        43
        873       1.00      1.00      1.00        30
        874       1.00      1.00      1.00        31
        875       0.91      0.94      0.93        34
        876       0.97      0.97      0.97        38
        877       0.97      0.92      0.94        37
        878       1.00      0.95      0.97        40
        879       0.91      0.94      0.92        32
         88       0.97      0.92      0.94        37
        880       0.95      0.88      0.91        42
        881       0.00      0.00      0.00        38
        882       1.00      1.00      1.00        42
        883       1.00      1.00      1.00        34
        884       0.97      1.00      0.99        36
        885       0.97      0.97      0.97        36
        886       0.98      0.98      0.98        43
        887       1.00      1.00      1.00        28
        888       0.98      0.96      0.97        46
        889       0.90      0.96      0.93        28
         89       1.00      0.95      0.97        38
        890       0.00      0.00      0.00        41
        891       0.97      0.93      0.95        41
        892       1.00      0.89      0.94        38
        893       1.00      0.95      0.97        38
        894       1.00      0.98      0.99        41
        895       1.00      1.00      1.00        42
        896       1.00      0.90      0.95        31
        897       1.00      1.00      1.00        34
        898       0.97      1.00      0.99        38
        899       0.97      0.97      0.97        35
          9       0.50      0.17      0.26        35
         90       1.00      1.00      1.00        41
        900       0.97      1.00      0.98        30
        901       1.00      0.97      0.99        37
        902       1.00      1.00      1.00        34
        903       1.00      0.93      0.97        30
        904       1.00      0.96      0.98        27
        905       1.00      1.00      1.00        37
        906       0.80      0.69      0.74        29
        907       0.97      0.77      0.86        44
        908       1.00      0.95      0.97        41
        909       1.00      1.00      1.00        35
         91       1.00      1.00      1.00        36
        910       1.00      0.98      0.99        47
        911       0.98      1.00      0.99        40
        912       1.00      1.00      1.00        39
        913       0.00      0.00      0.00        37
        914       0.00      0.00      0.00        31
        915       1.00      1.00      1.00        36
        916       1.00      0.88      0.94        33
        917       1.00      1.00      1.00        36
        918       0.97      0.88      0.93        43
        919       1.00      0.97      0.99        37
         92       1.00      1.00      1.00        37
        920       1.00      0.96      0.98        28
        921       1.00      0.97      0.99        38
        922       1.00      1.00      1.00        31
        923       1.00      0.96      0.98        27
        924       1.00      0.96      0.98        27
        925       0.97      0.97      0.97        33
        926       0.97      1.00      0.99        36
        927       1.00      1.00      1.00        39
        928       1.00      0.97      0.98        33
        929       1.00      0.97      0.98        32
         93       1.00      0.93      0.97        46
        930       1.00      0.24      0.39        33
        931       1.00      1.00      1.00        28
        932       1.00      1.00      1.00        30
        933       1.00      0.97      0.99        35
        934       1.00      0.97      0.99        34
        935       1.00      1.00      1.00        41
        936       1.00      0.97      0.99        38
        937       1.00      1.00      1.00        41
        938       1.00      0.97      0.99        35
        939       1.00      0.98      0.99        42
         94       0.97      0.93      0.95        41
        940       0.93      0.97      0.95        39
        941       0.93      0.89      0.91        45
        942       0.97      0.91      0.94        34
        943       0.98      0.89      0.93        45
        944       0.97      0.97      0.97        32
        945       0.93      0.96      0.95        27
        946       1.00      0.77      0.87        39
        947       0.95      0.97      0.96        38
        948       0.94      0.94      0.94        35
        949       1.00      1.00      1.00        33
         95       1.00      0.96      0.98        24
        950       0.88      0.97      0.93        38
        951       1.00      1.00      1.00        29
        952       1.00      1.00      1.00        38
        953       1.00      1.00      1.00        35
        954       0.00      0.00      0.00        30
        955       1.00      1.00      1.00        37
        956       0.97      1.00      0.99        36
        957       0.97      0.97      0.97        37
        958       0.91      0.95      0.93        43
        959       1.00      0.94      0.97        32
         96       0.00      0.00      0.00        34
        960       0.94      0.97      0.95        32
        961       1.00      0.91      0.95        34
        962       0.97      0.97      0.97        34
        963       0.95      0.97      0.96        36
        964       0.00      0.00      0.00        35
        965       1.00      0.98      0.99        41
        966       1.00      0.89      0.94        35
        967       1.00      0.97      0.98        31
        968       1.00      1.00      1.00        34
        969       0.97      1.00      0.99        36
         97       1.00      0.94      0.97        33
        970       1.00      0.93      0.96        27
        971       0.97      0.97      0.97        33
        972       0.92      0.97      0.94        35
        973       1.00      1.00      1.00        37
        974       1.00      0.88      0.93        40
        975       1.00      0.89      0.94        35
        976       0.97      0.92      0.95        39
        977       0.00      0.00      0.00        38
        978       0.96      0.92      0.94        25
        979       1.00      0.97      0.99        37
         98       0.01      0.04      0.02        28
        980       1.00      0.93      0.97        46
        981       1.00      0.95      0.97        37
        982       1.00      0.29      0.45        34
        983       0.00      0.00      0.00        41
        984       1.00      0.91      0.95        44
        985       0.00      0.00      0.00        35
        986       1.00      0.96      0.98        27
        987       1.00      1.00      1.00        38
        988       0.92      0.97      0.95        36
        989       0.95      0.70      0.81        27
         99       1.00      0.88      0.94        33
        990       1.00      1.00      1.00        30
        991       0.97      0.97      0.97        36
        992       1.00      1.00      1.00        26
        993       1.00      0.98      0.99        46
        994       0.92      0.97      0.94        35
        995       0.88      0.90      0.89        31
        996       1.00      1.00      1.00        39
        997       0.00      0.00      0.00        37
        998       0.94      0.89      0.91        36
        999       0.00      0.00      0.00        37

avg / total       0.92      0.89      0.90     35745

0.886921247727

