
             precision    recall  f1-score   support

          0       1.00      0.94      0.97        33
          1       1.00      0.97      0.99        38
         10       1.00      0.27      0.42        45
        100       1.00      0.97      0.98        31
        101       1.00      0.79      0.88        38
        102       1.00      0.04      0.07        26
        103       1.00      0.97      0.99        35
        104       1.00      0.97      0.99        39
        105       1.00      0.90      0.95        30
        106       1.00      0.81      0.89        36
        107       1.00      1.00      1.00        36
        108       1.00      0.97      0.99        40
        109       1.00      1.00      1.00        35
         11       1.00      0.90      0.95        29
        110       1.00      0.97      0.99        37
        111       1.00      1.00      1.00        40
        112       1.00      0.97      0.99        35
        113       1.00      0.90      0.95        41
        114       1.00      0.97      0.99        38
        115       1.00      1.00      1.00        40
        116       1.00      0.97      0.99        35
        117       1.00      1.00      1.00        37
        118       1.00      1.00      1.00        36
        119       1.00      0.97      0.99        37
         12       1.00      0.03      0.06        35
        120       1.00      0.97      0.99        38
        121       1.00      0.97      0.99        40
        122       1.00      1.00      1.00        41
        123       1.00      1.00      1.00        36
        124       1.00      0.03      0.05        39
        125       0.97      0.97      0.97        39
        126       1.00      1.00      1.00        40
        127       1.00      1.00      1.00        34
        128       1.00      0.97      0.99        36
        129       1.00      1.00      1.00        32
         13       1.00      0.97      0.99        34
        130       1.00      0.98      0.99        44
        131       1.00      0.97      0.99        37
        132       1.00      0.97      0.99        35
        133       1.00      0.96      0.98        28
        134       1.00      1.00      1.00        32
        135       1.00      1.00      1.00        29
        136       0.93      1.00      0.96        40
        137       1.00      1.00      1.00        24
        138       1.00      1.00      1.00        33
        139       1.00      0.93      0.96        43
         14       1.00      1.00      1.00        35
        140       1.00      1.00      1.00        37
        141       1.00      0.97      0.99        36
        142       1.00      0.97      0.98        32
        143       1.00      0.97      0.99        39
        144       1.00      1.00      1.00        37
        145       1.00      0.97      0.98        33
        146       1.00      1.00      1.00        37
        147       1.00      1.00      1.00        38
        148       1.00      1.00      1.00        36
        149       1.00      0.97      0.99        37
         15       1.00      0.95      0.97        40
        150       0.00      0.00      0.00        35
        151       1.00      0.98      0.99        43
        152       1.00      0.97      0.99        37
        153       1.00      1.00      1.00        42
        154       1.00      1.00      1.00        36
        155       1.00      0.97      0.99        37
        156       1.00      1.00      1.00        27
        157       0.00      0.00      0.00        39
        158       1.00      1.00      1.00        31
        159       1.00      0.85      0.92        27
         16       1.00      0.97      0.99        39
        160       0.98      0.98      0.98        42
        161       1.00      1.00      1.00        35
        162       1.00      1.00      1.00        38
        163       1.00      0.96      0.98        26
        164       1.00      0.97      0.98        29
        165       1.00      1.00      1.00        32
        166       1.00      0.97      0.99        39
        167       1.00      0.86      0.92        35
        168       1.00      0.97      0.98        30
        169       0.00      0.00      0.00        39
         17       1.00      0.20      0.33        41
        170       1.00      1.00      1.00        36
        171       1.00      0.97      0.99        35
        172       1.00      1.00      1.00        45
        173       1.00      0.81      0.89        36
        174       1.00      0.87      0.93        38
        175       1.00      0.97      0.98        30
        176       1.00      0.77      0.87        30
        177       1.00      0.84      0.91        31
        178       1.00      1.00      1.00        39
        179       1.00      1.00      1.00        33
         18       1.00      0.95      0.98        42
        180       1.00      1.00      1.00        43
        181       1.00      0.28      0.43        36
        182       1.00      1.00      1.00        44
        183       1.00      1.00      1.00        35
        184       1.00      0.97      0.99        39
        185       1.00      1.00      1.00        37
        186       1.00      0.98      0.99        41
        187       1.00      0.97      0.99        39
        188       1.00      1.00      1.00        38
        189       1.00      1.00      1.00        31
         19       1.00      0.33      0.50        33
        190       0.00      0.00      0.00        33
        191       1.00      0.95      0.97        39
        192       1.00      0.24      0.39        33
        193       1.00      1.00      1.00        43
        194       1.00      0.92      0.96        39
        195       1.00      0.97      0.99        37
        196       1.00      0.30      0.47        33
        197       1.00      0.13      0.23        39
        198       1.00      0.97      0.98        31
        199       1.00      0.98      0.99        43
          2       1.00      1.00      1.00        32
         20       1.00      0.24      0.39        46
        200       1.00      0.96      0.98        27
        201       1.00      0.98      0.99        44
        202       1.00      1.00      1.00        38
        203       1.00      0.95      0.97        40
        204       1.00      0.97      0.99        40
        205       1.00      1.00      1.00        30
        206       1.00      0.97      0.98        30
        207       1.00      0.97      0.99        36
        208       0.97      1.00      0.98        31
        209       1.00      0.98      0.99        41
         21       1.00      0.03      0.05        37
        210       1.00      1.00      1.00        40
        211       0.00      0.00      0.00        39
        212       1.00      0.79      0.89        34
        213       1.00      0.94      0.97        36
        214       0.98      1.00      0.99        41
        215       1.00      0.92      0.96        26
        216       1.00      0.24      0.39        33
        217       1.00      0.88      0.94        34
        218       1.00      0.95      0.97        37
        219       1.00      0.98      0.99        42
         22       1.00      1.00      1.00        28
        220       1.00      1.00      1.00        32
        221       1.00      0.97      0.99        37
        222       1.00      1.00      1.00        36
        223       1.00      0.95      0.97        41
        224       1.00      0.60      0.75        43
        225       1.00      0.95      0.97        40
        226       1.00      1.00      1.00        33
        227       1.00      1.00      1.00        33
        228       0.00      0.00      0.00        44
        229       1.00      0.94      0.97        32
         23       1.00      1.00      1.00        33
        230       1.00      0.97      0.99        36
        231       1.00      0.97      0.98        33
        232       1.00      0.94      0.97        33
        233       1.00      0.97      0.98        30
        234       1.00      1.00      1.00        29
        235       1.00      1.00      1.00        37
        236       1.00      1.00      1.00        39
        237       1.00      1.00      1.00        30
        238       1.00      0.96      0.98        45
        239       0.94      0.97      0.96        33
         24       1.00      1.00      1.00        27
        240       0.97      0.93      0.95        40
        241       1.00      0.97      0.99        37
        242       1.00      1.00      1.00        40
        243       1.00      1.00      1.00        30
        244       1.00      1.00      1.00        33
        245       1.00      1.00      1.00        32
        246       1.00      0.92      0.96        24
        247       1.00      1.00      1.00        37
        248       1.00      0.97      0.99        34
        249       1.00      0.57      0.72        30
         25       0.00      0.00      0.00        30
        250       1.00      0.98      0.99        53
        251       1.00      0.06      0.11        35
        252       1.00      0.97      0.99        34
        253       1.00      1.00      1.00        43
        254       1.00      0.91      0.95        34
        255       1.00      1.00      1.00        32
        256       1.00      0.97      0.99        39
        257       0.00      0.00      0.00        27
        258       1.00      1.00      1.00        45
        259       1.00      0.97      0.99        36
         26       1.00      1.00      1.00        37
        260       1.00      1.00      1.00        31
        261       1.00      1.00      1.00        36
        262       1.00      1.00      1.00        37
        263       1.00      1.00      1.00        35
        264       1.00      0.94      0.97        33
        265       1.00      1.00      1.00        33
        266       1.00      0.97      0.99        36
        267       1.00      1.00      1.00        40
        268       1.00      1.00      1.00        42
        269       1.00      0.97      0.99        40
         27       1.00      0.97      0.98        33
        270       1.00      0.97      0.98        33
        271       1.00      1.00      1.00        37
        272       1.00      1.00      1.00        33
        273       1.00      1.00      1.00        31
        274       1.00      1.00      1.00        32
        275       1.00      0.97      0.99        34
        276       1.00      0.74      0.85        39
        277       1.00      0.97      0.99        37
        278       1.00      1.00      1.00        40
        279       1.00      0.98      0.99        43
         28       1.00      1.00      1.00        38
        280       1.00      0.06      0.12        32
        281       1.00      1.00      1.00        30
        282       1.00      1.00      1.00        32
        283       1.00      1.00      1.00        33
        284       1.00      1.00      1.00        26
        285       1.00      0.14      0.25        42
        286       1.00      1.00      1.00        29
        287       1.00      0.97      0.99        39
        288       1.00      1.00      1.00        34
        289       1.00      0.98      0.99        42
         29       0.00      0.00      0.00        37
        290       0.97      0.94      0.96        36
        291       1.00      1.00      1.00        36
        292       1.00      0.97      0.99        36
        293       1.00      0.97      0.98        31
        294       1.00      0.97      0.99        37
        295       1.00      0.97      0.99        34
        296       1.00      0.95      0.97        38
        297       1.00      0.97      0.99        35
        298       0.57      0.54      0.55        39
        299       1.00      0.97      0.99        40
          3       1.00      0.97      0.99        40
         30       1.00      1.00      1.00        42
        300       1.00      1.00      1.00        33
        301       0.00      0.00      0.00        37
        302       0.60      0.62      0.61        42
        303       1.00      1.00      1.00        34
        304       1.00      0.98      0.99        42
        305       1.00      0.97      0.99        40
        306       1.00      0.95      0.97        39
        307       1.00      1.00      1.00        24
        308       1.00      0.96      0.98        28
        309       1.00      1.00      1.00        40
         31       1.00      1.00      1.00        34
        310       1.00      1.00      1.00        37
        311       1.00      1.00      1.00        38
        312       1.00      0.97      0.99        36
        313       1.00      1.00      1.00        29
        314       1.00      1.00      1.00        32
        315       1.00      0.97      0.98        33
        316       1.00      0.98      0.99        42
        317       1.00      1.00      1.00        37
        318       1.00      0.95      0.97        40
        319       1.00      1.00      1.00        42
         32       1.00      1.00      1.00        39
        320       1.00      1.00      1.00        32
        321       1.00      1.00      1.00        34
        322       1.00      0.95      0.97        39
        323       1.00      1.00      1.00        39
        324       1.00      0.97      0.98        31
        325       1.00      1.00      1.00        43
        326       1.00      0.95      0.97        37
        327       1.00      1.00      1.00        40
        328       1.00      0.98      0.99        43
        329       1.00      1.00      1.00        43
         33       1.00      0.98      0.99        42
        330       1.00      1.00      1.00        37
        331       1.00      1.00      1.00        32
        332       1.00      1.00      1.00        35
        333       1.00      1.00      1.00        34
        334       1.00      0.97      0.99        40
        335       1.00      0.97      0.99        38
        336       1.00      0.97      0.99        39
        337       1.00      1.00      1.00        28
        338       1.00      1.00      1.00        30
        339       1.00      1.00      1.00        36
         34       1.00      0.89      0.94        45
        340       1.00      1.00      1.00        25
        341       1.00      1.00      1.00        37
        342       1.00      1.00      1.00        34
        343       1.00      0.97      0.99        35
        344       1.00      1.00      1.00        42
        345       1.00      1.00      1.00        37
        346       1.00      1.00      1.00        33
        347       1.00      1.00      1.00        38
        348       1.00      1.00      1.00        38
        349       1.00      1.00      1.00        32
         35       1.00      1.00      1.00        32
        350       1.00      1.00      1.00        40
        351       1.00      1.00      1.00        40
        352       1.00      1.00      1.00        33
        353       1.00      1.00      1.00        31
        354       1.00      0.16      0.28        37
        355       1.00      1.00      1.00        40
        356       1.00      1.00      1.00        35
        357       1.00      0.97      0.98        33
        358       1.00      0.96      0.98        28
        359       1.00      1.00      1.00        45
         36       1.00      0.97      0.99        40
        360       1.00      0.98      0.99        43
        361       1.00      1.00      1.00        42
        362       1.00      0.98      0.99        42
        363       1.00      0.96      0.98        48
        364       1.00      0.97      0.99        37
        365       1.00      1.00      1.00        35
        366       1.00      1.00      1.00        29
        367       1.00      1.00      1.00        30
        368       1.00      0.97      0.99        34
        369       1.00      1.00      1.00        42
         37       1.00      0.96      0.98        28
        370       0.97      1.00      0.99        37
        371       1.00      1.00      1.00        30
        372       1.00      1.00      1.00        31
        373       1.00      1.00      1.00        42
        374       1.00      1.00      1.00        28
        375       1.00      1.00      1.00        29
        376       0.97      1.00      0.99        33
        377       1.00      0.97      0.99        36
        378       1.00      0.96      0.98        27
        379       1.00      1.00      1.00        32
         38       1.00      0.95      0.97        38
        380       1.00      1.00      1.00        37
        381       1.00      1.00      1.00        41
        382       1.00      1.00      1.00        38
        383       1.00      1.00      1.00        32
        384       1.00      0.97      0.99        36
        385       1.00      1.00      1.00        32
        386       0.97      0.97      0.97        31
        387       1.00      0.97      0.99        40
        388       0.96      0.93      0.95        29
        389       1.00      0.97      0.98        31
         39       1.00      1.00      1.00        43
        390       1.00      1.00      1.00        34
        391       0.95      0.97      0.96        38
        392       1.00      0.97      0.99        37
        393       1.00      1.00      1.00        38
        394       1.00      1.00      1.00        34
        395       1.00      1.00      1.00        34
        396       1.00      1.00      1.00        45
        397       1.00      0.97      0.99        34
        398       1.00      1.00      1.00        30
        399       1.00      1.00      1.00        39
          4       1.00      0.98      0.99        44
         40       1.00      0.97      0.99        35
        400       1.00      1.00      1.00        30
        401       0.98      0.98      0.98        52
        402       0.98      1.00      0.99        40
        403       0.92      0.31      0.47        35
        404       0.93      1.00      0.96        37
        405       1.00      0.97      0.99        36
        406       0.97      1.00      0.99        36
        407       0.85      1.00      0.92        29
        408       1.00      1.00      1.00        39
        409       1.00      0.98      0.99        44
         41       1.00      1.00      1.00        26
        410       1.00      0.98      0.99        44
        411       1.00      1.00      1.00        36
        412       0.97      0.97      0.97        39
        413       1.00      0.95      0.98        44
        414       1.00      0.92      0.96        37
        415       0.98      1.00      0.99        41
        416       1.00      0.93      0.96        40
        417       0.98      0.98      0.98        44
        418       1.00      0.97      0.99        38
        419       1.00      1.00      1.00        36
         42       1.00      1.00      1.00        34
        420       1.00      1.00      1.00        39
        421       0.97      1.00      0.99        37
        422       0.94      0.97      0.95        31
        423       1.00      1.00      1.00        33
        424       1.00      0.94      0.97        36
        425       0.98      0.98      0.98        47
        426       1.00      1.00      1.00        37
        427       0.94      1.00      0.97        31
        428       0.97      0.97      0.97        35
        429       1.00      0.97      0.99        37
         43       1.00      0.62      0.77        32
        430       1.00      1.00      1.00        28
        431       0.93      0.95      0.94        42
        432       1.00      1.00      1.00        38
        433       1.00      0.94      0.97        34
        434       1.00      1.00      1.00        37
        435       1.00      0.97      0.98        32
        436       1.00      1.00      1.00        32
        437       1.00      0.97      0.99        34
        438       1.00      1.00      1.00        40
        439       1.00      1.00      1.00        38
         44       1.00      0.97      0.99        38
        440       1.00      1.00      1.00        26
        441       1.00      1.00      1.00        35
        442       1.00      1.00      1.00        29
        443       1.00      0.96      0.98        27
        444       1.00      0.89      0.94        46
        445       0.01      0.96      0.02        24
        446       1.00      1.00      1.00        40
        447       1.00      1.00      1.00        29
        448       1.00      0.95      0.97        41
        449       1.00      0.93      0.96        41
         45       0.97      0.95      0.96        38
        450       1.00      1.00      1.00        28
        451       1.00      1.00      1.00        41
        452       1.00      1.00      1.00        22
        453       1.00      1.00      1.00        29
        454       1.00      1.00      1.00        34
        455       0.98      0.98      0.98        43
        456       0.00      0.00      0.00        25
        457       1.00      1.00      1.00        34
        458       1.00      1.00      1.00        40
        459       1.00      1.00      1.00        34
         46       1.00      0.97      0.99        38
        460       1.00      1.00      1.00        48
        461       1.00      1.00      1.00        30
        462       1.00      0.97      0.99        34
        463       1.00      0.95      0.97        40
        464       1.00      0.97      0.99        39
        465       1.00      1.00      1.00        49
        466       1.00      1.00      1.00        34
        467       1.00      0.18      0.31        33
        468       1.00      0.07      0.12        46
        469       1.00      0.97      0.99        34
         47       1.00      0.97      0.99        37
        470       1.00      1.00      1.00        39
        471       1.00      0.97      0.99        34
        472       1.00      0.95      0.97        38
        473       1.00      0.97      0.98        30
        474       1.00      1.00      1.00        30
        475       1.00      0.93      0.96        28
        476       1.00      0.96      0.98        27
        477       1.00      0.91      0.95        43
        478       1.00      0.97      0.99        38
        479       1.00      0.97      0.99        39
         48       0.00      0.00      0.00        28
        480       1.00      1.00      1.00        28
        481       1.00      1.00      1.00        34
        482       1.00      1.00      1.00        36
        483       0.97      1.00      0.99        39
        484       1.00      0.97      0.98        32
        485       1.00      1.00      1.00        27
        486       1.00      1.00      1.00        39
        487       1.00      0.97      0.99        34
        488       1.00      1.00      1.00        29
        489       1.00      0.96      0.98        28
         49       1.00      0.97      0.99        38
        490       1.00      0.98      0.99        44
        491       1.00      1.00      1.00        37
        492       1.00      1.00      1.00        32
        493       1.00      0.95      0.97        38
        494       1.00      1.00      1.00        23
        495       1.00      1.00      1.00        39
        496       1.00      1.00      1.00        45
        497       1.00      1.00      1.00        30
        498       1.00      1.00      1.00        29
        499       1.00      0.97      0.98        30
          5       1.00      0.97      0.99        34
         50       1.00      1.00      1.00        34
        500       1.00      1.00      1.00        35
        501       1.00      1.00      1.00        34
        502       1.00      1.00      1.00        28
        503       1.00      0.85      0.92        34
        504       1.00      0.12      0.21        26
        505       1.00      1.00      1.00        31
        506       1.00      0.97      0.99        34
        507       1.00      0.91      0.95        33
        508       1.00      0.92      0.96        39
        509       1.00      1.00      1.00        33
         51       1.00      0.18      0.31        33
        510       1.00      1.00      1.00        35
        511       1.00      1.00      1.00        30
        512       1.00      1.00      1.00        30
        513       1.00      1.00      1.00        40
        514       1.00      0.97      0.99        40
        515       1.00      1.00      1.00        40
        516       1.00      1.00      1.00        35
        517       1.00      0.93      0.96        29
        518       1.00      0.94      0.97        35
        519       1.00      0.97      0.98        31
         52       1.00      0.98      0.99        43
        520       1.00      0.95      0.97        20
        521       1.00      1.00      1.00        31
        522       1.00      0.73      0.84        37
        523       1.00      1.00      1.00        29
        524       1.00      0.97      0.98        33
        525       1.00      0.93      0.96        29
        526       1.00      0.85      0.92        40
        527       1.00      0.95      0.98        43
        528       1.00      1.00      1.00        42
        529       1.00      0.97      0.99        34
         53       1.00      0.50      0.67        40
        530       1.00      0.98      0.99        41
        531       1.00      0.45      0.62        33
        532       1.00      0.97      0.99        37
        533       1.00      1.00      1.00        35
        534       1.00      0.98      0.99        43
        535       1.00      0.97      0.99        40
        536       1.00      0.92      0.96        38
        537       1.00      0.39      0.56        31
        538       1.00      1.00      1.00        33
        539       1.00      0.97      0.99        39
         54       1.00      1.00      1.00        36
        540       1.00      1.00      1.00        33
        541       1.00      1.00      1.00        37
        542       1.00      1.00      1.00        31
        543       1.00      1.00      1.00        31
        544       1.00      1.00      1.00        38
        545       1.00      1.00      1.00        33
        546       1.00      0.97      0.99        36
        547       1.00      0.03      0.06        35
        548       1.00      1.00      1.00        35
        549       1.00      1.00      1.00        34
         55       1.00      1.00      1.00        39
        550       1.00      1.00      1.00        40
        551       1.00      1.00      1.00        35
        552       1.00      1.00      1.00        36
        553       1.00      0.98      0.99        42
        554       1.00      1.00      1.00        33
        555       1.00      1.00      1.00        37
        556       1.00      0.97      0.98        31
        557       1.00      1.00      1.00        35
        558       1.00      1.00      1.00        40
        559       1.00      1.00      1.00        35
         56       1.00      1.00      1.00        31
        560       1.00      1.00      1.00        32
        561       1.00      0.97      0.99        36
        562       1.00      1.00      1.00        28
        563       1.00      1.00      1.00        35
        564       1.00      1.00      1.00        27
        565       0.00      0.00      0.00        42
        566       1.00      0.97      0.99        38
        567       1.00      0.97      0.99        35
        568       1.00      0.94      0.97        35
        569       1.00      1.00      1.00        29
         57       1.00      1.00      1.00        32
        570       1.00      0.62      0.77        37
        571       1.00      0.98      0.99        43
        572       0.98      1.00      0.99        40
        573       1.00      1.00      1.00        37
        574       1.00      0.93      0.96        29
        575       1.00      1.00      1.00        31
        576       1.00      1.00      1.00        34
        577       1.00      1.00      1.00        38
        578       1.00      1.00      1.00        36
        579       1.00      1.00      1.00        50
         58       1.00      0.97      0.98        33
        580       1.00      1.00      1.00        41
        581       1.00      0.03      0.06        31
        582       1.00      0.95      0.97        38
        583       1.00      0.06      0.11        34
        584       0.97      0.97      0.97        39
        585       1.00      0.98      0.99        42
        586       1.00      0.97      0.99        35
        587       1.00      1.00      1.00        36
        588       1.00      0.97      0.99        37
        589       0.00      0.00      0.00        37
         59       1.00      0.22      0.36        37
        590       1.00      0.98      0.99        41
        591       1.00      0.98      0.99        41
        592       0.98      0.98      0.98        42
        593       1.00      1.00      1.00        31
        594       1.00      0.97      0.98        31
        595       1.00      1.00      1.00        39
        596       1.00      1.00      1.00        42
        597       0.98      1.00      0.99        40
        598       1.00      1.00      1.00        33
        599       1.00      1.00      1.00        32
          6       1.00      0.03      0.07        29
         60       1.00      0.95      0.97        41
        600       1.00      1.00      1.00        28
        601       1.00      1.00      1.00        38
        602       1.00      0.98      0.99        43
        603       1.00      0.98      0.99        43
        604       0.97      0.97      0.97        33
        605       1.00      0.98      0.99        41
        606       1.00      0.94      0.97        33
        607       1.00      0.97      0.99        39
        608       1.00      1.00      1.00        35
        609       1.00      1.00      1.00        38
         61       1.00      1.00      1.00        36
        610       1.00      1.00      1.00        39
        611       1.00      1.00      1.00        34
        612       1.00      1.00      1.00        31
        613       1.00      1.00      1.00        25
        614       1.00      1.00      1.00        47
        615       1.00      0.95      0.97        37
        616       0.97      0.94      0.96        36
        617       1.00      1.00      1.00        41
        618       1.00      0.97      0.99        39
        619       1.00      0.98      0.99        43
         62       1.00      0.97      0.98        32
        620       1.00      0.97      0.99        36
        621       1.00      0.96      0.98        45
        622       1.00      1.00      1.00        46
        623       1.00      0.98      0.99        43
        624       0.00      0.00      0.00        30
        625       1.00      0.98      0.99        41
        626       1.00      1.00      1.00        37
        627       1.00      1.00      1.00        27
        628       1.00      0.97      0.99        34
        629       1.00      1.00      1.00        35
         63       1.00      1.00      1.00        44
        630       1.00      1.00      1.00        32
        631       1.00      1.00      1.00        33
        632       1.00      1.00      1.00        39
        633       1.00      0.96      0.98        46
        634       1.00      1.00      1.00        39
        635       1.00      0.97      0.98        32
        636       1.00      0.97      0.98        29
        637       1.00      0.97      0.99        37
        638       1.00      1.00      1.00        31
        639       1.00      1.00      1.00        44
         64       1.00      1.00      1.00        37
        640       1.00      0.97      0.99        35
        641       1.00      0.97      0.98        31
        642       1.00      0.98      0.99        42
        643       1.00      1.00      1.00        29
        644       1.00      0.96      0.98        26
        645       1.00      1.00      1.00        37
        646       1.00      1.00      1.00        26
        647       1.00      0.97      0.98        32
        648       1.00      1.00      1.00        34
        649       1.00      1.00      1.00        37
         65       1.00      1.00      1.00        28
        650       1.00      1.00      1.00        35
        651       1.00      1.00      1.00        26
        652       0.00      0.00      0.00        28
        653       1.00      1.00      1.00        26
        654       1.00      1.00      1.00        30
        655       1.00      1.00      1.00        36
        656       1.00      0.98      0.99        44
        657       1.00      1.00      1.00        28
        658       1.00      0.97      0.99        37
        659       1.00      1.00      1.00        41
         66       1.00      0.97      0.99        35
        660       1.00      0.95      0.97        41
        661       1.00      1.00      1.00        37
        662       1.00      1.00      1.00        28
        663       1.00      0.94      0.97        33
        664       1.00      1.00      1.00        42
        665       1.00      0.97      0.99        37
        666       1.00      1.00      1.00        44
        667       1.00      1.00      1.00        41
        668       1.00      0.96      0.98        28
        669       1.00      0.97      0.98        31
         67       1.00      1.00      1.00        38
        670       1.00      1.00      1.00        35
        671       1.00      0.36      0.53        33
        672       1.00      1.00      1.00        42
        673       1.00      0.97      0.99        38
        674       0.98      1.00      0.99        41
        675       1.00      0.96      0.98        28
        676       1.00      0.95      0.97        39
        677       1.00      0.19      0.32        21
        678       1.00      1.00      1.00        29
        679       1.00      1.00      1.00        33
         68       1.00      0.97      0.99        39
        680       1.00      1.00      1.00        33
        681       0.00      0.00      0.00        38
        682       1.00      1.00      1.00        34
        683       1.00      0.97      0.99        36
        684       1.00      1.00      1.00        43
        685       1.00      1.00      1.00        32
        686       1.00      1.00      1.00        33
        687       1.00      0.97      0.98        31
        688       1.00      1.00      1.00        40
        689       1.00      0.93      0.96        40
         69       1.00      0.97      0.98        32
        690       1.00      0.97      0.99        35
        691       1.00      1.00      1.00        37
        692       0.00      0.00      0.00        29
        693       1.00      0.92      0.96        38
        694       1.00      0.98      0.99        44
        695       0.00      0.00      0.00        29
        696       1.00      1.00      1.00        36
        697       1.00      1.00      1.00        31
        698       1.00      0.93      0.96        29
        699       1.00      1.00      1.00        31
          7       1.00      0.46      0.63        35
         70       1.00      0.95      0.98        42
        700       1.00      1.00      1.00        39
        701       1.00      1.00      1.00        40
        702       1.00      1.00      1.00        40
        703       1.00      1.00      1.00        30
        704       1.00      0.97      0.98        32
        705       1.00      0.95      0.97        37
        706       1.00      0.97      0.99        36
        707       1.00      1.00      1.00        37
        708       1.00      1.00      1.00        24
        709       1.00      0.97      0.99        39
         71       1.00      1.00      1.00        37
        710       1.00      1.00      1.00        35
        711       1.00      1.00      1.00        35
        712       1.00      0.97      0.98        30
        713       0.00      0.00      0.00        34
        714       1.00      0.98      0.99        44
        715       1.00      0.97      0.99        34
        716       1.00      1.00      1.00        39
        717       1.00      0.97      0.99        40
        718       1.00      1.00      1.00        37
        719       1.00      1.00      1.00        33
         72       1.00      0.97      0.98        33
        720       1.00      0.94      0.97        33
        721       1.00      1.00      1.00        31
        722       1.00      0.97      0.98        29
        723       1.00      1.00      1.00        41
        724       1.00      1.00      1.00        42
        725       1.00      0.55      0.71        33
        726       1.00      0.91      0.95        32
        727       1.00      0.94      0.97        32
        728       1.00      0.97      0.99        34
        729       1.00      1.00      1.00        33
         73       1.00      0.97      0.98        32
        730       1.00      1.00      1.00        48
        731       0.00      0.00      0.00        36
        732       1.00      1.00      1.00        31
        733       1.00      0.95      0.97        39
        734       1.00      0.04      0.08        24
        735       1.00      1.00      1.00        42
        736       1.00      0.97      0.98        33
        737       0.98      1.00      0.99        40
        738       1.00      1.00      1.00        33
        739       1.00      1.00      1.00        44
         74       1.00      1.00      1.00        38
        740       1.00      1.00      1.00        31
        741       1.00      0.97      0.99        40
        742       1.00      1.00      1.00        39
        743       1.00      1.00      1.00        37
        744       1.00      1.00      1.00        27
        745       1.00      1.00      1.00        38
        746       1.00      1.00      1.00        41
        747       1.00      1.00      1.00        30
        748       1.00      0.97      0.98        32
        749       1.00      0.97      0.99        39
         75       1.00      1.00      1.00        34
        750       1.00      1.00      1.00        40
        751       1.00      0.98      0.99        47
        752       1.00      1.00      1.00        27
        753       1.00      1.00      1.00        39
        754       1.00      0.98      0.99        43
        755       1.00      1.00      1.00        36
        756       1.00      1.00      1.00        39
        757       1.00      0.73      0.84        33
        758       1.00      0.09      0.16        35
        759       0.97      0.97      0.97        34
         76       1.00      1.00      1.00        32
        760       1.00      1.00      1.00        36
        761       1.00      0.97      0.99        36
        762       1.00      0.97      0.98        33
        763       1.00      0.96      0.98        46
        764       1.00      1.00      1.00        28
        765       1.00      0.97      0.99        36
        766       1.00      1.00      1.00        31
        767       1.00      1.00      1.00        32
        768       1.00      1.00      1.00        37
        769       1.00      1.00      1.00        43
         77       1.00      0.94      0.97        33
        770       1.00      0.96      0.98        28
        771       1.00      1.00      1.00        36
        772       0.00      0.00      0.00        32
        773       1.00      1.00      1.00        34
        774       1.00      1.00      1.00        42
        775       1.00      1.00      1.00        35
        776       1.00      0.92      0.96        36
        777       1.00      1.00      1.00        29
        778       1.00      1.00      1.00        42
        779       1.00      1.00      1.00        29
         78       1.00      0.98      0.99        41
        780       0.98      0.95      0.96        42
        781       1.00      0.98      0.99        41
        782       1.00      0.97      0.98        29
        783       1.00      1.00      1.00        24
        784       1.00      1.00      1.00        26
        785       1.00      0.95      0.97        41
        786       1.00      1.00      1.00        39
        787       1.00      1.00      1.00        31
        788       1.00      0.92      0.96        39
        789       1.00      1.00      1.00        33
         79       1.00      1.00      1.00        34
        790       1.00      1.00      1.00        36
        791       1.00      0.90      0.95        41
        792       1.00      0.97      0.98        29
        793       1.00      0.88      0.94        41
        794       1.00      1.00      1.00        31
        795       1.00      0.97      0.99        37
        796       1.00      1.00      1.00        30
        797       1.00      1.00      1.00        35
        798       1.00      0.97      0.98        31
        799       1.00      1.00      1.00        37
          8       1.00      0.97      0.98        31
         80       1.00      1.00      1.00        38
        800       1.00      1.00      1.00        34
        801       1.00      0.90      0.95        42
        802       0.00      0.00      0.00        42
        803       1.00      1.00      1.00        33
        804       1.00      1.00      1.00        34
        805       0.00      0.00      0.00        36
        806       1.00      0.03      0.06        34
        807       1.00      0.97      0.99        39
        808       1.00      0.91      0.96        35
        809       1.00      1.00      1.00        41
         81       1.00      0.98      0.99        43
        810       1.00      0.97      0.99        34
        811       1.00      1.00      1.00        43
        812       1.00      1.00      1.00        39
        813       1.00      0.97      0.98        33
        814       1.00      0.09      0.17        32
        815       1.00      1.00      1.00        27
        816       0.98      0.98      0.98        43
        817       1.00      1.00      1.00        25
        818       1.00      1.00      1.00        38
        819       0.97      0.76      0.85        38
         82       1.00      0.98      0.99        42
        820       1.00      1.00      1.00        30
        821       1.00      1.00      1.00        33
        822       1.00      1.00      1.00        33
        823       1.00      0.93      0.96        43
        824       1.00      1.00      1.00        34
        825       1.00      0.97      0.99        37
        826       1.00      0.97      0.99        37
        827       1.00      0.94      0.97        33
        828       1.00      1.00      1.00        33
        829       1.00      0.97      0.99        34
         83       1.00      0.98      0.99        44
        830       1.00      1.00      1.00        33
        831       1.00      0.97      0.99        36
        832       1.00      1.00      1.00        33
        833       1.00      0.93      0.97        30
        834       1.00      0.95      0.97        37
        835       0.97      0.97      0.97        33
        836       1.00      1.00      1.00        32
        837       1.00      0.97      0.99        34
        838       1.00      0.95      0.97        37
        839       1.00      1.00      1.00        39
         84       1.00      0.97      0.99        35
        840       1.00      1.00      1.00        39
        841       1.00      0.95      0.97        41
        842       1.00      1.00      1.00        35
        843       1.00      1.00      1.00        29
        844       1.00      1.00      1.00        35
        845       1.00      1.00      1.00        45
        846       1.00      1.00      1.00        39
        847       1.00      0.94      0.97        31
        848       1.00      0.97      0.99        38
        849       1.00      0.97      0.99        34
         85       1.00      1.00      1.00        38
        850       1.00      1.00      1.00        30
        851       1.00      0.97      0.99        36
        852       1.00      0.97      0.99        36
        853       1.00      1.00      1.00        33
        854       1.00      0.97      0.99        40
        855       1.00      1.00      1.00        35
        856       1.00      1.00      1.00        38
        857       1.00      0.41      0.58        32
        858       1.00      1.00      1.00        41
        859       1.00      0.97      0.98        32
         86       1.00      0.98      0.99        43
        860       1.00      0.98      0.99        41
        861       1.00      0.59      0.75        32
        862       1.00      0.97      0.99        40
        863       1.00      0.97      0.99        37
        864       1.00      0.97      0.98        31
        865       1.00      1.00      1.00        28
        866       1.00      1.00      1.00        29
        867       1.00      1.00      1.00        29
        868       1.00      0.97      0.98        29
        869       1.00      0.97      0.99        39
         87       1.00      0.97      0.99        39
        870       1.00      1.00      1.00        36
        871       1.00      0.97      0.99        38
        872       1.00      1.00      1.00        37
        873       1.00      1.00      1.00        39
        874       1.00      1.00      1.00        31
        875       1.00      1.00      1.00        38
        876       1.00      1.00      1.00        40
        877       1.00      0.89      0.94        37
        878       1.00      0.97      0.99        36
        879       1.00      0.97      0.99        34
         88       1.00      0.97      0.98        33
        880       1.00      0.98      0.99        43
        881       0.00      0.00      0.00        42
        882       1.00      0.98      0.99        45
        883       1.00      0.93      0.96        40
        884       1.00      0.94      0.97        33
        885       1.00      1.00      1.00        37
        886       1.00      1.00      1.00        33
        887       1.00      1.00      1.00        45
        888       1.00      0.97      0.98        32
        889       1.00      0.97      0.98        30
         89       1.00      1.00      1.00        40
        890       0.00      0.00      0.00        31
        891       1.00      1.00      1.00        35
        892       1.00      0.97      0.98        29
        893       1.00      1.00      1.00        35
        894       1.00      1.00      1.00        28
        895       1.00      1.00      1.00        28
        896       1.00      1.00      1.00        31
        897       1.00      1.00      1.00        34
        898       1.00      1.00      1.00        33
        899       1.00      1.00      1.00        33
          9       1.00      0.21      0.35        33
         90       1.00      1.00      1.00        32
        900       1.00      1.00      1.00        32
        901       1.00      0.97      0.98        30
        902       1.00      1.00      1.00        43
        903       1.00      0.97      0.99        40
        904       1.00      1.00      1.00        44
        905       1.00      0.98      0.99        41
        906       1.00      0.72      0.84        36
        907       1.00      1.00      1.00        44
        908       1.00      1.00      1.00        39
        909       1.00      0.98      0.99        43
         91       1.00      1.00      1.00        36
        910       1.00      0.97      0.99        35
        911       1.00      0.97      0.99        40
        912       1.00      1.00      1.00        38
        913       1.00      0.19      0.32        32
        914       0.00      0.00      0.00        39
        915       1.00      1.00      1.00        31
        916       0.97      0.97      0.97        39
        917       1.00      1.00      1.00        41
        918       1.00      1.00      1.00        33
        919       1.00      1.00      1.00        33
         92       1.00      1.00      1.00        40
        920       1.00      1.00      1.00        40
        921       1.00      0.94      0.97        35
        922       1.00      0.97      0.99        40
        923       1.00      1.00      1.00        34
        924       1.00      1.00      1.00        44
        925       1.00      1.00      1.00        37
        926       1.00      1.00      1.00        46
        927       1.00      0.97      0.98        33
        928       1.00      1.00      1.00        38
        929       1.00      1.00      1.00        35
         93       1.00      0.95      0.97        37
        930       1.00      0.34      0.51        32
        931       1.00      0.96      0.98        28
        932       1.00      1.00      1.00        23
        933       1.00      0.95      0.98        42
        934       1.00      1.00      1.00        35
        935       1.00      1.00      1.00        47
        936       1.00      1.00      1.00        33
        937       1.00      0.98      0.99        43
        938       1.00      1.00      1.00        33
        939       1.00      0.96      0.98        28
         94       1.00      1.00      1.00        32
        940       1.00      1.00      1.00        38
        941       1.00      1.00      1.00        37
        942       1.00      1.00      1.00        32
        943       1.00      0.98      0.99        42
        944       1.00      1.00      1.00        41
        945       1.00      1.00      1.00        31
        946       1.00      0.95      0.97        38
        947       1.00      1.00      1.00        32
        948       1.00      1.00      1.00        37
        949       1.00      1.00      1.00        32
         95       1.00      1.00      1.00        33
        950       1.00      1.00      1.00        35
        951       1.00      1.00      1.00        34
        952       1.00      1.00      1.00        41
        953       1.00      1.00      1.00        36
        954       0.00      0.00      0.00        42
        955       1.00      1.00      1.00        36
        956       1.00      1.00      1.00        33
        957       0.97      1.00      0.98        32
        958       1.00      1.00      1.00        40
        959       1.00      1.00      1.00        29
         96       0.00      0.00      0.00        37
        960       1.00      0.97      0.99        37
        961       1.00      0.84      0.92        32
        962       1.00      1.00      1.00        39
        963       1.00      1.00      1.00        47
        964       1.00      0.07      0.12        30
        965       1.00      1.00      1.00        39
        966       1.00      0.88      0.94        34
        967       1.00      1.00      1.00        34
        968       1.00      1.00      1.00        26
        969       1.00      0.94      0.97        31
         97       1.00      1.00      1.00        34
        970       1.00      0.97      0.98        33
        971       1.00      0.89      0.94        46
        972       0.89      0.97      0.93        40
        973       1.00      1.00      1.00        38
        974       1.00      0.98      0.99        48
        975       1.00      0.95      0.97        38
        976       1.00      0.89      0.94        37
        977       0.00      0.00      0.00        36
        978       1.00      0.97      0.98        29
        979       1.00      0.97      0.99        35
         98       1.00      0.17      0.29        30
        980       1.00      1.00      1.00        36
        981       1.00      1.00      1.00        30
        982       1.00      0.25      0.40        40
        983       0.00      0.00      0.00        33
        984       1.00      0.93      0.96        27
        985       0.00      0.00      0.00        31
        986       1.00      0.97      0.98        32
        987       1.00      1.00      1.00        41
        988       1.00      0.97      0.99        36
        989       0.96      0.77      0.85        30
         99       1.00      1.00      1.00        38
        990       1.00      0.97      0.98        32
        991       1.00      1.00      1.00        38
        992       1.00      0.95      0.97        37
        993       1.00      0.98      0.99        43
        994       1.00      1.00      1.00        43
        995       1.00      0.88      0.94        33
        996       1.00      1.00      1.00        40
        997       0.00      0.00      0.00        35
        998       1.00      1.00      1.00        41
        999       0.00      0.00      0.00        34

avg / total       0.96      0.91      0.92     35745

0.910197230382

